2017-06-01T07:02:56,120.222,22.982,9.0
2017-06-01T07:00:52,121.535,25.053,8.0
2017-06-01T06:35:22,120.61,24.187,14.0
2017-06-01T06:57:31,120.641,24.151,24.0
2017-06-01T06:37:02,120.564,24.215,11.0
2017-06-01T06:47:22,120.312,22.66,9.0
2017-06-01T07:00:58,120.216,23.011,7.0
2017-06-01T07:00:36,120.356,22.666,28.0
2017-06-01T07:01:38,120.731,24.164,12.0
2017-06-01T07:01:35,121.513,25.053,16.0
2017-06-01T06:55:37,121.57,24.99,17.0
2017-06-01T06:55:12,121.734,25.143,35.0
2017-06-01T06:53:30,121.473,25.03,11.0
2017-06-01T06:33:45,120.595,24.188,8.0
2017-06-01T06:57:53,120.2,23.131,3.0
2017-06-01T06:42:59,121.443,25.05,5.0
2017-06-01T06:56:42,121.149,24.896,11.0
2017-06-01T06:47:31,120.642,24.407,20.0
2017-06-01T06:47:44,121.214,24.94,9.0
2017-06-01T06:49:04,120.696,24.173,9.0
2017-06-01T07:03:49,120.345,23.531,11.0
2017-06-01T06:36:36,121.613,25.036,13.0
2017-06-01T06:14:06,121.525,25.034,9.0
2017-06-01T06:40:51,120.418,23.464,5.0
2017-06-01T06:38:33,120.675,24.157,24.0
2017-06-01T06:58:29,120.538,24.086,13.0
2017-06-01T06:46:44,120.3,22.686,3.0
2017-06-01T06:58:22,120.457,23.594,13.0
2017-06-01T06:55:38,120.425,22.58,24.0
2017-06-01T06:58:43,120.558,24.085,18.0
2017-06-01T07:03:17,121.546,25.015,10.0
2017-06-01T07:01:50,121.524,25.024,10.0
2017-06-01T06:58:59,120.638,23.976,19.0
2017-06-01T07:03:47,120.673,24.03,18.0
2017-06-01T06:58:59,120.731,24.16,6.0
2017-06-01T07:02:39,121.513,25.064,14.0
2017-06-01T07:01:16,120.735,24.159,10.0
2017-06-01T07:01:01,128.616,36.82,42.0
2017-06-01T06:33:07,121.431,25.015,12.0
2017-06-01T06:14:15,120.448,23.475,7.0
2017-06-01T06:51:42,121.616,25.057,6.0
2017-06-01T06:27:03,120.507,22.68,6.0
2017-06-01T06:48:46,120.72,24.17,4.0
2017-06-01T06:53:10,121.747,24.751,38.0
2017-06-01T07:00:13,121.519,25.115,16.0
2017-06-01T07:03:29,120.682,24.166,15.0
2017-06-01T07:03:55,121.545,25.027,11.0
2017-06-01T06:29:51,120.622,24.113,15.0
2017-06-01T07:04:02,120.419,23.897,13.0
2017-06-01T06:56:39,120.158,22.991,13.0
2017-06-01T06:49:38,120.317,22.61,8.0
2017-06-01T06:58:26,120.603,24.394,18.0
2017-06-01T06:53:23,103.817,1.28,14.0
2017-06-01T06:56:40,120.669,24.176,0.0
2017-06-01T06:55:36,121.081,25.037,18.0
2017-06-01T07:00:55,121.145,24.964,15.0
2017-06-01T06:41:49,121.215,24.941,13.0
2017-06-01T06:38:23,121.582,25.062,1.0
2017-06-01T06:53:26,120.355,22.972,9.0
2017-06-01T06:54:16,121.497,24.958,12.0
2017-06-01T06:51:32,120.631,24.153,15.0
2017-06-01T07:02:30,120.491,24.023,19.0
2017-06-01T06:53:12,127.752,37.888,76.0
2017-06-01T06:57:10,121.221,24.964,12.0
2017-06-01T06:54:41,120.582,24.226,17.0
2017-06-01T06:47:39,120.663,24.116,21.0
2017-06-01T06:52:29,128.692,35.211,50.0
2017-06-01T06:09:16,121.321,25.008,10.0
2017-06-01T06:48:14,128.496,35.543,38.0
2017-06-01T06:52:40,121.315,24.956,11.0
2017-06-01T06:53:49,129.067,35.415,40.0
2017-06-01T06:55:28,128.687,35.234,48.0
2017-06-01T07:01:34,128.69,34.892,58.0
2017-06-01T07:00:11,128.402,35.277,44.0
2017-06-01T07:03:45,128.417,34.876,50.0
2017-06-01T06:58:52,128.124,35.187,45.0
2017-06-01T07:00:30,128.557,35.173,20.0
2017-06-01T06:34:27,121.357,24.988,11.0
2017-06-01T06:48:38,128.545,35.238,43.0
2017-06-01T06:52:33,121.301,24.88,8.0
2017-06-01T06:53:20,121.548,25.038,11.0
2017-06-01T06:58:53,128.121,34.929,44.0
2017-06-01T06:58:39,128.557,35.176,46.0
2017-06-01T06:57:38,129.074,35.449,46.0
2017-06-01T07:00:30,120.332,22.628,5.0
2017-06-01T07:00:32,120.485,23.467,5.0
2017-06-01T07:02:04,120.372,23.189,4.0
2017-06-01T06:41:14,121.519,25.012,11.0
2017-06-01T06:49:12,128.68,35.235,43.0
2017-06-01T06:44:10,121.201,25.065,17.0
2017-06-01T06:56:56,128.533,35.339,40.0
2017-06-01T07:01:41,121.615,25.069,9.0
2017-06-01T07:02:23,121.141,24.892,11.0
2017-06-01T06:10:26,121.231,24.95,10.0
2017-06-01T06:46:23,121.451,25.062,14.0
2017-06-01T06:21:18,103.92,1.306,15.0
2017-06-01T06:55:35,121.202,24.953,12.0
2017-06-01T07:03:22,120.345,23.531,11.0
2017-06-01T06:32:54,121.768,24.662,25.0
2017-06-01T06:55:12,121.766,24.728,40.0
2017-06-01T06:58:50,120.661,24.13,9.0
2017-06-01T06:43:12,128.098,34.942,54.0
2017-06-01T07:01:44,120.638,24.179,14.0
2017-06-01T06:58:31,121.865,24.582,35.0
2017-06-01T06:30:16,121.834,24.521,28.0
2017-06-01T06:54:50,121.297,25.06,14.0
2017-06-01T06:57:57,120.916,24.711,10.0
2017-06-01T06:57:34,121.548,25.049,11.0
2017-06-01T06:58:18,121.766,24.823,38.0
2017-06-01T06:58:37,121.536,25.018,11.0
2017-06-01T06:53:25,121.777,24.648,29.0
2017-06-01T06:52:35,120.614,24.35,11.0
2017-06-01T06:42:32,120.711,24.146,23.0
2017-06-01T07:00:14,120.67,24.119,22.0
2017-06-01T06:58:47,121.498,25.023,13.0
2017-06-01T06:42:04,120.64,24.14,15.0
2017-06-01T06:43:08,121.149,24.91,13.0
2017-06-01T06:47:58,121.137,24.918,16.0
2017-06-01T06:14:18,120.637,24.165,4.0
2017-06-01T06:30:13,118.452,24.461,14.0
2017-06-01T07:02:29,121.297,25.047,17.0
2017-06-01T06:23:18,120.649,24.143,15.0
2017-06-01T06:53:19,121.832,24.526,27.0
2017-06-01T07:00:45,121.795,24.648,32.0
2017-06-01T06:47:39,120.478,22.674,3.0
2017-06-01T06:56:46,121.404,24.809,7.0
2017-06-01T07:00:46,120.326,22.621,15.0
2017-06-01T07:00:26,121.844,24.575,25.0
2017-06-01T06:47:23,121.522,25.08,15.0
2017-06-01T06:55:31,120.648,24.154,16.0
2017-06-01T06:57:15,121.552,25.056,13.0
2017-06-01T06:54:57,120.536,23.694,11.0
2017-06-01T06:39:40,121.609,25.056,9.0
2017-06-01T07:02:25,121.507,25.126,22.0
2017-06-01T07:04:07,121.513,25.053,13.0
2017-06-01T06:33:34,121.531,25.105,17.0
2017-06-01T06:54:29,120.734,24.12,11.0
2017-06-01T07:00:25,121.451,25.062,27.0
2017-06-01T06:47:41,121.554,25.033,17.0
2017-06-01T06:58:41,120.532,24.085,16.0
2017-06-01T06:44:30,120.577,24.299,14.0
2017-06-01T06:37:43,120.997,24.786,9.0
2017-06-01T06:58:46,120.637,24.165,9.0
2017-06-01T07:02:15,121.532,25.022,11.0
2017-06-01T07:03:40,120.639,24.183,28.0
2017-06-01T07:01:00,120.544,23.704,12.0
2017-06-01T06:56:02,120.657,24.115,12.0
2017-06-01T07:01:48,121.636,25.066,9.0
2017-06-01T06:38:01,120.299,23.571,2.0
2017-06-01T06:44:23,120.485,23.468,8.0
2017-06-01T06:47:51,120.643,24.151,16.0
2017-06-01T06:54:18,121.554,25.058,10.0
2017-06-01T07:01:20,121.582,25.062,2.0
2017-06-01T06:53:37,121.128,25.062,18.0
2017-06-01T06:57:47,121.482,25.105,18.0
2017-06-01T06:59:02,21.001,52.182,9.0
2017-06-01T07:02:12,120.704,24.308,12.0
2017-06-01T06:53:51,120.341,22.636,14.0
2017-06-01T06:49:32,120.657,24.208,18.0
2017-06-01T06:22:25,121.128,22.903,17.0
2017-06-01T06:41:26,121.139,22.931,13.0
2017-06-01T07:01:55,120.667,24.119,17.0
2017-06-01T07:03:07,120.732,24.135,16.0
2017-06-01T06:38:32,120.612,24.191,10.0
2017-06-01T06:47:25,121.146,24.979,14.0
2017-06-01T06:58:41,120.532,23.716,12.0
2017-06-01T06:43:45,121.141,24.963,16.0
2017-06-01T06:32:59,121.585,25.038,11.0
2017-06-01T06:58:34,120.723,24.288,12.0
2017-06-01T07:02:50,127.877,34.897,47.0
2017-06-01T06:37:24,121.22,24.87,8.0
2017-06-01T06:51:20,127.029,37.493,14.0
2017-06-01T07:04:01,121.551,25.059,13.0
2017-06-01T06:51:39,128.081,35.199,48.0
2017-06-01T06:33:27,121.798,24.661,34.0
2017-06-01T06:58:40,120.87,24.612,9.0
2017-06-01T07:01:28,121.014,24.784,9.0
2017-06-01T06:47:53,120.697,24.057,12.0
2017-06-01T07:03:29,121.216,24.864,5.0
2017-06-01T06:58:10,121.516,25.064,17.0
2017-06-01T06:54:01,128.698,35.205,47.0
2017-06-01T06:42:16,127.783,34.948,53.0
2017-06-01T06:40:26,126.967,37.218,19.0
2017-06-01T06:51:46,121.532,25.036,10.0
2017-06-01T06:52:47,121.016,24.862,11.0
2017-06-01T06:54:24,128.557,35.144,51.0
2017-06-01T06:46:20,127.783,34.948,54.0
2017-06-01T07:00:38,128.121,34.929,49.0
2017-06-01T07:03:31,128.457,35.273,43.0
2017-06-01T07:01:23,121.148,24.922,11.0
2017-06-01T06:58:46,121.59,25.067,8.0
2017-06-01T07:03:50,121.533,25.058,9.0
2017-06-01T06:49:12,121.106,24.972,17.0
2017-06-01T07:02:55,121.543,25.023,10.0
2017-06-01T06:52:57,121.306,25.082,14.0
2017-06-01T06:47:49,129.331,35.625,52.0
2017-06-01T06:52:57,121.083,25.028,15.0
2017-06-01T06:07:29,121.551,25.035,9.0
2017-06-01T07:03:32,121.3,25.05,19.0
2017-06-01T06:43:58,127.91,35.687,24.0
2017-06-01T07:02:41,121.387,25.04,17.0
2017-06-01T07:02:50,121.724,24.67,28.0
2017-06-01T06:53:09,121.382,25.052,17.0
2017-06-01T06:06:05,121.254,25.039,14.0
2017-06-01T06:57:03,120.473,23.787,12.0
2017-06-01T06:40:50,121.57,24.999,9.0
2017-06-01T07:02:39,120.665,24.136,18.0
2017-06-01T06:58:10,121.777,24.669,27.0
2017-06-01T06:54:50,121.529,25.02,10.0
2017-06-01T06:45:59,121.766,24.663,27.0
2017-06-01T06:41:17,120.631,24.115,23.0
2017-06-01T06:47:54,121.082,24.956,16.0
2017-06-01T06:53:41,120.614,24.127,13.0
2017-06-01T06:48:28,121.026,24.974,18.0
2017-06-01T07:03:28,120.702,24.188,15.0
2017-06-01T06:51:33,121.451,25.062,17.0
2017-06-01T06:58:31,121.538,25.014,11.0
2017-06-01T07:01:47,120.72,24.302,16.0
2017-06-01T06:53:50,120.538,22.905,5.0
2017-06-01T06:51:15,120.544,23.71,4.0
2017-06-01T07:02:57,121.184,24.912,12.0
2017-06-01T07:03:32,120.477,23.447,6.0
2017-06-01T07:00:09,120.688,24.091,16.0
2017-06-01T06:57:11,121.409,24.932,7.0
2017-06-01T06:53:42,128.693,34.897,44.0
2017-06-01T06:42:15,126.78,37.647,28.0
2017-06-01T06:53:36,127.824,34.985,45.0
2017-06-01T06:56:16,121.536,25.073,12.0
2017-06-01T06:42:48,77.259,28.533,106.0
2017-06-01T07:03:20,121.51,25.013,10.0
2017-06-01T06:36:02,120.651,24.149,12.0
2017-06-01T06:56:52,121.521,25.283,24.0
2017-06-01T06:57:46,120.636,24.166,3.0
2017-06-01T07:01:49,121.414,24.979,10.0
2017-06-01T06:58:27,121.37,24.942,12.0
2017-06-01T07:02:16,121.451,25.1,17.0
2017-06-01T06:48:46,121.582,25.062,1.0
2017-06-01T07:01:55,121.582,25.062,1.0
2017-06-01T07:03:43,121.149,24.91,11.0
2017-06-01T06:52:34,121.187,24.967,14.0
2017-06-01T07:02:41,121.167,24.93,12.0
2017-06-01T06:46:45,121.471,24.653,30.0
2017-06-01T06:43:47,121.835,24.595,27.0
2017-06-01T06:37:44,120.694,24.18,17.0
2017-06-01T06:51:50,120.541,24.069,7.0
2017-06-01T07:03:54,120.266,23.089,8.0
2017-06-01T06:34:51,121.194,24.968,18.0
2017-06-01T06:54:56,121.238,24.956,11.0
2017-06-01T07:02:35,120.649,24.178,19.0
2017-06-01T06:55:59,121.442,25.19,15.0
2017-06-01T06:52:23,121.549,25.053,12.0
2017-06-01T06:56:17,121.252,24.913,9.0
2017-06-01T06:54:56,120.573,24.165,36.0
2017-06-01T06:56:56,120.331,22.724,18.0
2017-06-01T06:53:53,121.272,24.991,14.0
2017-06-01T06:47:24,128.752,35.502,43.0
2017-06-01T06:54:22,127.824,34.985,51.0
2017-06-01T06:38:11,121.262,24.967,16.0
2017-06-01T07:01:56,127.955,35.297,21.0
2017-06-01T06:59:00,121.398,24.686,5.0
2017-06-01T07:04:01,120.3,22.662,13.0
2017-06-01T07:02:51,120.667,24.13,19.0
2017-06-01T06:39:49,120.481,23.958,12.0
2017-06-01T07:01:41,120.613,24.181,10.0
2017-06-01T06:53:14,120.61,24.184,12.0
2017-06-01T07:03:03,121.374,25.03,15.0
2017-06-01T07:03:14,121.371,25.057,16.0
2017-06-01T06:57:12,121.579,25.043,11.0
2017-06-01T07:01:19,121.458,25.012,11.0
2017-06-01T06:41:04,120.685,24.196,17.0
2017-06-01T06:48:10,121.771,24.677,31.0
2017-06-01T06:47:43,120.673,24.25,16.0
2017-06-01T06:33:04,120.581,24.088,9.0
2017-06-01T06:54:02,121.137,25.013,11.0
2017-06-01T06:57:06,128.689,35.227,46.0
2017-06-01T06:55:09,120.705,24.215,14.0
2017-06-01T06:33:25,120.637,24.156,27.0
2017-06-01T07:00:29,121.516,25.008,9.0
2017-06-01T06:52:18,121.222,25.085,15.0
2017-06-01T06:27:39,121.524,25.149,20.0
2017-06-01T07:00:46,120.614,24.19,10.0
2017-06-01T07:03:50,120.512,24.126,22.0
2017-06-01T06:55:01,120.67,24.148,19.0
2017-06-01T07:01:58,121.21,24.94,9.0
2017-06-01T07:00:45,121.194,24.83,9.0
2017-06-01T06:57:41,121.215,24.856,10.0
2017-06-01T06:17:59,120.222,22.983,0.0
2017-06-01T07:01:09,121.265,24.883,9.0
2017-06-01T06:56:05,121.543,25.024,8.0
2017-06-01T06:58:50,121.294,24.873,8.0
2017-06-01T06:57:22,121.346,24.99,13.0
2017-06-01T07:02:05,121.258,24.974,11.0
2017-06-01T06:42:57,120.325,22.665,15.0
2017-06-01T07:02:52,120.724,24.134,8.0
2017-06-01T07:01:02,120.636,24.165,1.0
2017-06-01T06:11:13,121.536,25.11,14.0
2017-06-01T06:49:06,121.257,24.953,11.0
2017-06-01T06:57:08,120.595,24.187,18.0
2017-06-01T07:03:01,121.507,25.084,9.0
2017-06-01T06:58:45,121.35,24.819,6.0
2017-06-01T06:58:55,121.516,25.035,11.0
2017-06-01T06:29:54,128.688,35.234,51.0
2017-06-01T06:56:09,120.631,24.214,14.0
2017-06-01T06:43:13,121.125,24.682,4.0
2017-06-01T06:51:58,121.303,24.967,13.0
2017-06-01T06:51:25,121.264,24.936,10.0
2017-06-01T06:57:51,120.638,24.161,11.0
2017-06-01T06:52:51,121.23,25.06,19.0
2017-06-01T06:58:13,121.298,24.935,10.0
2017-06-01T06:35:37,120.453,23.468,21.0
2017-06-01T07:00:51,120.503,24.113,20.0
2017-06-01T06:49:31,121.514,25.105,11.0
2017-06-01T06:57:06,121.538,24.967,8.0
2017-06-01T06:58:23,120.675,24.158,14.0
2017-06-01T06:29:35,121.319,24.994,11.0
2017-06-01T06:43:02,128.303,35.291,43.0
2017-06-01T07:00:12,128.41,34.948,43.0
2017-06-01T06:44:12,139.903,35.706,6.0
2017-06-01T06:57:02,128.092,35.083,49.0
2017-06-01T07:02:40,120.621,24.107,16.0
2017-06-01T06:55:10,128.715,35.155,54.0
2017-06-01T06:55:42,120.551,24.069,8.0
2017-06-01T06:44:24,121.582,25.062,1.0
2017-06-01T06:54:48,121.249,24.918,9.0
2017-06-01T06:47:31,120.797,24.24,13.0
2017-06-01T06:54:29,120.27,23.322,11.0
2017-06-01T06:41:37,121.766,24.655,29.0
2017-06-01T06:54:17,121.576,25.297,16.0
2017-06-01T06:48:16,121.561,25.043,9.0
2017-06-01T06:37:49,120.26,23.329,13.0
2017-06-01T06:58:17,120.222,22.996,3.0
2017-06-01T07:01:29,120.755,23.741,12.0
2017-06-01T07:00:26,121.0,24.784,7.0
2017-06-01T07:01:06,120.427,23.487,10.0
2017-06-01T06:54:45,120.708,24.308,14.0
2017-06-01T06:57:24,120.202,23.02,3.0
2017-06-01T07:00:40,120.578,24.174,19.0
2017-06-01T07:04:04,121.499,25.037,30.0
2017-06-01T06:51:36,120.98,24.833,12.0
2017-06-01T06:57:21,128.244,35.322,46.0
2017-06-01T06:47:51,120.681,23.76,11.0
2017-06-01T07:02:56,127.153,37.455,27.0
2017-06-01T06:47:35,120.658,24.137,20.0
2017-06-01T06:48:12,120.695,24.164,19.0
2017-06-01T07:02:51,121.499,25.037,16.0
2017-06-01T07:02:00,121.529,25.02,10.0
2017-06-01T07:03:51,129.075,35.449,49.0
2017-06-01T06:24:24,120.337,22.679,18.0
2017-06-01T07:03:44,127.099,37.46,28.0
2017-06-01T06:53:42,121.562,25.056,26.0
2017-06-01T07:03:40,121.516,25.061,14.0
2017-06-01T06:38:11,120.547,24.194,12.0
2017-06-01T06:43:57,120.543,23.992,15.0
2017-06-01T06:44:24,121.54,24.989,10.0
2017-06-01T06:57:55,120.636,24.166,3.0
2017-06-01T07:00:17,121.525,25.034,10.0
2017-06-01T07:00:07,121.492,25.033,9.0
2017-06-01T06:20:48,121.095,24.919,13.0
2017-06-01T06:20:23,120.545,24.064,4.0
2017-06-01T06:53:27,120.637,24.148,18.0
2017-06-01T06:53:18,120.315,22.666,6.0
2017-06-01T06:53:24,121.169,24.886,11.0
2017-06-01T06:47:22,120.715,24.308,0.0
2017-06-01T06:51:15,120.656,24.136,13.0
2017-06-01T06:58:25,121.462,25.133,15.0
2017-06-01T07:02:23,120.635,24.175,13.0
2017-06-01T06:24:09,120.681,24.163,13.0
2017-06-01T06:58:33,121.507,25.046,13.0
2017-06-01T07:00:50,120.763,24.174,11.0
2017-06-01T06:58:17,120.817,24.543,23.0
2017-06-01T06:53:33,121.553,25.013,9.0
2017-06-01T07:01:26,121.582,25.062,1.0
2017-06-01T06:58:47,120.285,22.725,14.0
2017-06-01T06:46:02,120.719,24.314,18.0
2017-06-01T07:02:05,120.287,22.632,13.0
2017-06-01T06:58:57,120.592,22.69,11.0
2017-06-01T06:56:06,121.027,24.768,12.0
2017-06-01T06:49:39,120.696,24.082,13.0
2017-06-01T06:58:13,120.633,24.151,22.0
2017-06-01T06:36:50,120.743,24.263,13.0
2017-06-01T07:02:54,120.61,24.186,10.0
2017-06-01T07:02:36,121.591,25.078,4.0
2017-06-01T07:00:48,120.546,24.093,18.0
2017-06-01T06:58:51,121.794,24.627,31.0
2017-06-01T06:53:19,120.655,24.152,17.0
2017-06-01T06:55:39,120.645,24.158,24.0
2017-06-01T06:42:04,120.286,22.663,13.0
2017-06-01T06:49:30,121.537,25.005,6.0
2017-06-01T07:02:18,120.648,24.141,16.0
2017-06-01T06:26:52,121.097,24.973,15.0
2017-06-01T07:01:58,121.515,24.966,10.0
2017-06-01T06:53:30,121.451,25.062,0.0
2017-06-01T06:53:11,129.332,35.626,49.0
2017-06-01T06:55:49,121.571,25.035,13.0
2017-06-01T06:55:21,128.163,35.565,17.0
2017-06-01T06:42:19,120.561,24.204,13.0
2017-06-01T06:48:06,120.551,24.071,13.0
2017-06-01T06:33:57,120.598,23.719,22.0
2017-06-01T06:41:59,121.18,24.843,9.0
2017-06-01T07:01:38,128.663,35.244,46.0
2017-06-01T06:32:33,120.462,23.547,13.0
2017-06-01T06:56:59,120.996,24.795,9.0
2017-06-01T06:57:35,6.453,51.15,2.0
2017-06-01T07:02:57,121.493,25.031,14.0
2017-06-01T07:00:18,121.572,25.083,11.0
2017-06-01T07:02:11,121.296,25.014,14.0
2017-06-01T06:58:44,121.215,25.081,14.0
2017-06-01T06:57:00,121.222,25.093,11.0
2017-06-01T07:02:16,121.52,25.071,10.0
2017-06-01T07:01:21,120.554,24.083,12.0
2017-06-01T07:01:40,120.202,22.984,12.0
2017-06-01T07:04:05,121.215,24.959,6.0
2017-06-01T07:03:42,127.067,37.195,31.0
2017-06-01T07:01:25,120.6,15.167,45.0
2017-06-01T07:01:14,120.602,24.184,21.0
2017-06-01T06:42:02,120.635,24.136,15.0
2017-06-01T06:48:50,121.528,25.112,12.0
2017-06-01T07:00:38,121.524,25.072,11.0
2017-06-01T07:04:08,128.596,35.247,44.0
2017-06-01T06:53:50,128.67,35.217,20.0
2017-06-01T06:55:51,121.282,24.945,12.0
2017-06-01T07:02:26,120.325,22.638,14.0
2017-06-01T06:47:41,128.083,34.93,52.0
2017-06-01T06:56:18,128.866,35.189,50.0
2017-06-01T06:42:40,120.3,22.669,16.0
2017-06-01T07:00:59,126.969,37.577,28.0
2017-06-01T06:12:35,120.49,22.662,7.0
2017-06-01T06:33:34,128.557,35.146,50.0
2017-06-01T06:58:13,127.795,34.971,52.0
2017-06-01T06:54:15,128.114,35.206,44.0
2017-06-01T07:01:04,121.201,24.994,17.0
2017-06-01T06:47:20,121.049,25.005,10.0
2017-06-01T06:58:44,121.523,25.058,10.0
2017-06-01T06:25:01,120.299,23.459,9.0
2017-06-01T06:55:32,128.457,35.273,47.0
2017-06-01T06:51:45,120.552,24.05,13.0
2017-06-01T06:53:08,-65.399,-24.788,17.0
2017-06-01T06:56:03,121.503,25.089,18.0
2017-06-01T06:54:53,121.392,24.961,16.0
2017-06-01T06:44:00,121.535,25.023,9.0
2017-06-01T07:02:48,121.226,24.945,11.0
2017-06-01T06:40:47,121.53,25.098,17.0
2017-06-01T07:01:14,120.321,22.648,0.0
2017-06-01T06:58:36,121.576,25.06,9.0
2017-06-01T06:52:31,120.767,23.739,10.0
2017-06-01T06:58:11,120.431,23.471,11.0
2017-06-01T06:53:52,121.773,25.136,32.0
2017-06-01T06:49:01,121.183,24.924,11.0
2017-06-01T06:48:04,120.968,24.767,10.0
2017-06-01T07:03:06,121.541,25.015,10.0
2017-06-01T07:02:25,127.748,35.066,36.0
2017-06-01T06:54:08,121.786,24.637,22.0
2017-06-01T07:01:32,121.296,25.047,16.0
2017-06-01T06:55:24,121.796,24.624,30.0
2017-06-01T07:01:05,120.226,22.996,5.0
2017-06-01T07:02:29,121.551,25.082,12.0
2017-06-01T06:47:11,128.692,34.864,49.0
2017-06-01T07:03:33,121.799,24.638,33.0
2017-06-01T06:45:52,121.496,25.134,18.0
2017-06-01T07:04:06,120.725,24.145,13.0
2017-06-01T07:00:27,127.732,35.523,25.0
2017-06-01T06:54:03,120.217,23.046,5.0
2017-06-01T07:01:30,128.057,35.169,49.0
2017-06-01T07:00:19,126.903,37.533,19.0
2017-06-01T07:03:37,120.614,24.179,15.0
2017-06-01T07:02:54,121.511,24.998,12.0
2017-06-01T06:51:33,121.835,24.596,35.0
2017-06-01T07:01:53,120.79,23.827,9.0
2017-06-01T07:01:12,121.005,24.828,11.0
2017-06-01T06:47:00,120.198,22.992,7.0
2017-06-01T06:54:28,121.056,24.755,7.0
2017-06-01T07:01:05,121.179,24.907,11.0
2017-06-01T06:56:57,121.214,22.879,24.0
2017-06-01T06:54:32,120.637,24.165,3.0
2017-06-01T07:02:19,120.287,22.632,12.0
2017-06-01T06:47:45,120.636,24.165,10.0
2017-06-01T07:02:01,121.143,24.912,14.0
2017-06-01T06:53:35,121.192,24.97,15.0
2017-06-01T06:56:47,120.652,24.131,24.0
2017-06-01T06:57:16,121.028,22.702,3.0
2017-06-01T06:58:17,120.422,24.028,20.0
2017-06-01T07:02:46,120.698,24.186,15.0
2017-06-01T06:56:45,106.828,-6.138,1.0
2017-06-01T06:49:00,120.566,24.266,13.0
2017-06-01T06:42:04,120.652,24.173,19.0
2017-06-01T06:53:08,121.54,25.017,10.0
2017-06-01T07:02:14,120.701,24.067,11.0
2017-06-01T06:14:10,121.169,24.891,22.0
2017-06-01T07:00:54,121.833,24.62,35.0
2017-06-01T06:56:16,121.576,24.99,15.0
2017-06-01T06:43:53,121.541,25.063,13.0
2017-06-01T07:03:31,121.443,25.031,14.0
2017-06-01T07:02:06,121.471,22.673,12.0
2017-06-01T06:36:50,121.256,24.983,13.0
2017-06-01T07:03:27,120.465,23.792,11.0
2017-06-01T07:01:25,120.546,23.717,14.0
2017-06-01T07:03:34,121.451,25.062,10.0
2017-06-01T06:41:38,120.745,24.354,0.0
2017-06-01T06:44:00,121.527,25.048,10.0
2017-06-01T06:14:54,120.301,22.688,6.0
2017-06-01T07:02:03,121.097,24.992,20.0
2017-06-01T07:04:08,127.057,36.776,30.0
2017-06-01T07:01:52,121.22,24.953,12.0
2017-06-01T06:36:25,121.263,24.962,15.0
2017-06-01T07:02:21,121.58,25.063,2.0
2017-06-01T07:04:03,120.68,24.163,14.0
2017-06-01T07:03:23,121.538,25.017,17.0
2017-06-01T06:33:41,121.203,24.944,16.0
2017-06-01T06:55:17,128.579,35.219,44.0
2017-06-01T06:57:52,121.562,25.058,14.0
2017-06-01T06:51:30,120.324,22.652,14.0
2017-06-01T07:00:21,128.53,34.918,49.0
2017-06-01T06:53:13,120.455,23.495,10.0
2017-06-01T07:01:08,120.468,23.553,12.0
2017-06-01T06:59:00,120.613,24.184,12.0
2017-06-01T07:00:39,126.716,35.975,39.0
2017-06-01T06:24:12,118.316,24.436,6.0
2017-06-01T07:00:23,121.281,24.855,8.0
2017-06-01T06:18:27,120.533,24.063,8.0
2017-06-01T06:10:46,120.547,24.084,14.0
2017-06-01T07:01:09,129.026,35.304,42.0
2017-06-01T07:03:16,128.817,35.097,52.0
2017-06-01T06:58:20,121.292,24.92,9.0
2017-06-01T07:01:43,120.443,23.483,9.0
2017-06-01T06:38:32,128.267,35.32,43.0
2017-06-01T06:45:54,128.918,35.231,52.0
2017-06-01T06:38:33,121.571,25.08,17.0
2017-06-01T06:33:18,107.608,-6.886,23.0
2017-06-01T07:01:45,128.568,35.221,49.0
2017-06-01T06:58:49,128.114,35.205,40.0
2017-06-01T06:53:12,121.553,25.054,10.0
2017-06-01T06:43:22,121.264,25.008,15.0
2017-06-01T07:01:55,120.723,24.162,13.0
2017-06-01T07:00:37,126.91,37.55,31.0
2017-06-01T06:48:03,120.362,23.879,16.0
2017-06-01T06:58:14,128.805,35.201,42.0
2017-06-01T07:02:45,120.651,24.216,17.0
2017-06-01T07:04:01,103.869,1.322,23.0
2017-06-01T06:23:51,103.896,1.301,11.0
2017-06-01T06:55:19,121.209,24.949,12.0
2017-06-01T07:00:07,121.251,24.974,11.0
2017-06-01T06:54:00,121.213,24.897,9.0
2017-06-01T07:03:10,120.568,23.963,26.0
2017-06-01T06:54:12,120.695,24.018,19.0
2017-06-01T06:49:07,120.454,23.487,13.0
2017-06-01T06:54:18,128.598,35.254,50.0
2017-06-01T06:55:43,121.213,25.007,16.0
2017-06-01T07:02:55,128.643,35.25,50.0
2017-06-01T07:00:30,121.563,25.031,7.0
2017-06-01T07:02:44,121.593,25.053,9.0
2017-06-01T07:02:42,120.316,23.319,4.0
2017-06-01T07:03:05,121.55,25.081,12.0
2017-06-01T06:58:38,121.293,25.017,15.0
2017-06-01T07:02:45,121.5,25.036,68.0
2017-06-01T06:53:33,121.458,25.012,10.0
2017-06-01T06:52:00,121.842,24.626,43.0
2017-06-01T06:43:44,121.853,24.615,39.0
2017-06-01T07:00:20,121.36,24.711,11.0
2017-06-01T06:36:09,121.59,25.061,9.0
2017-06-01T07:01:19,121.223,24.936,10.0
2017-06-01T07:02:49,121.541,25.045,9.0
2017-06-01T06:42:00,121.611,25.067,11.0
2017-06-01T06:55:41,120.539,24.06,15.0
2017-06-01T06:53:32,121.549,25.078,10.0
2017-06-01T06:53:28,120.196,23.015,0.0
2017-06-01T06:23:53,120.717,24.197,23.0
2017-06-01T07:01:01,121.389,25.041,19.0
2017-06-01T07:00:34,121.173,25.065,16.0
2017-06-01T06:58:35,128.69,34.892,48.0
2017-06-01T07:02:55,121.557,24.989,12.0
2017-06-01T06:38:18,120.669,24.158,14.0
2017-06-01T07:01:32,120.601,24.179,15.0
2017-06-01T06:56:19,120.587,23.852,10.0
2017-06-01T07:03:16,121.256,25.076,16.0
2017-06-01T06:32:49,121.618,25.003,17.0
2017-06-01T07:02:57,120.639,24.141,4.0
2017-06-01T06:35:35,120.617,24.175,13.0
2017-06-01T06:57:18,130.423,33.588,41.0
2017-06-01T06:48:28,121.556,25.028,13.0
2017-06-01T07:02:04,120.463,23.482,11.0
2017-06-01T07:01:35,121.614,25.04,8.0
2017-06-01T06:52:00,120.202,22.984,13.0
2017-06-01T06:44:37,121.163,24.956,18.0
2017-06-01T07:02:59,121.308,25.02,12.0
2017-06-01T06:48:04,121.218,24.958,3.0
2017-06-01T06:55:50,121.302,24.955,10.0
2017-06-01T06:47:57,136.619,36.576,22.0
2017-06-01T06:57:49,121.688,24.679,24.0
2017-06-01T06:53:55,121.716,24.688,32.0
2017-06-01T06:47:55,121.537,25.015,10.0
2017-06-01T07:02:08,121.869,24.576,34.0
2017-06-01T06:58:15,120.66,24.138,21.0
2017-06-01T06:48:33,120.699,24.105,14.0
2017-06-01T06:56:18,120.667,24.169,22.0
2017-06-01T06:56:33,121.486,25.07,14.0
2017-06-01T06:28:55,121.374,25.078,16.0
2017-06-01T06:58:42,126.894,37.483,24.0
2017-06-01T07:03:12,121.218,24.863,9.0
2017-06-01T06:55:55,121.286,24.883,8.0
2017-06-01T07:02:02,121.204,25.072,16.0
2017-06-01T06:48:27,121.55,25.033,11.0
2017-06-01T06:53:12,120.631,24.123,17.0
2017-06-01T06:48:05,121.524,25.025,0.0
2017-06-01T07:03:44,120.645,24.135,12.0
2017-06-01T07:00:24,101.517,3.074,22.0
2017-06-01T06:51:22,120.522,24.119,15.0
2017-06-01T06:58:08,120.529,23.692,9.0
2017-06-01T06:47:17,128.755,35.247,49.0
2017-06-01T06:53:01,120.713,24.305,23.0
2017-06-01T07:01:40,120.56,24.195,25.0
2017-06-01T07:01:27,121.34,24.993,17.0
2017-06-01T06:56:31,121.502,25.131,14.0
2017-06-01T06:53:56,120.54,23.702,15.0
2017-06-01T07:04:05,121.743,24.627,29.0
2017-06-01T06:46:36,120.643,24.133,15.0
2017-06-01T06:53:46,121.582,25.062,1.0
2017-06-01T07:00:12,120.662,24.198,19.0
2017-06-01T06:58:34,120.612,24.055,19.0
2017-06-01T06:58:56,101.701,3.168,27.0
2017-06-01T06:48:49,120.715,24.14,16.0
2017-06-01T06:42:38,121.451,25.062,26.0
2017-06-01T06:55:03,129.06,35.416,52.0
2017-06-01T07:00:43,127.847,35.736,28.0
2017-06-01T07:00:11,120.638,24.147,21.0
2017-06-01T06:33:12,121.586,25.078,16.0
2017-06-01T07:02:22,120.353,22.636,14.0
2017-06-01T06:15:29,121.496,25.073,16.0
2017-06-01T06:07:18,121.17,24.91,9.0
2017-06-01T06:46:34,120.453,23.53,16.0
2017-06-01T06:57:49,121.57,25.141,17.0
2017-06-01T07:00:08,120.693,23.862,13.0
2017-06-01T07:04:00,121.325,24.892,7.0
2017-06-01T06:51:12,121.289,24.85,7.0
2017-06-01T06:41:09,127.067,37.195,20.0
2017-06-01T06:44:29,120.221,22.997,9.0
2017-06-01T06:35:36,120.995,24.78,3.0
2017-06-01T06:56:38,120.3,22.804,9.0
2017-06-01T07:02:32,120.499,24.122,21.0
2017-06-01T06:32:44,121.305,24.951,11.0
2017-06-01T07:02:28,128.752,35.502,34.0
2017-06-01T07:03:03,127.955,35.297,21.0
2017-06-01T07:02:36,127.04,37.471,29.0
2017-06-01T06:51:09,128.698,35.205,51.0
2017-06-01T07:02:49,121.567,25.059,10.0
2017-06-01T07:02:01,120.666,24.143,15.0
2017-06-01T07:01:37,121.792,24.63,28.0
2017-06-01T06:53:13,120.65,24.154,20.0
2017-06-01T07:00:16,120.657,24.141,17.0
2017-06-01T06:58:20,128.686,35.157,48.0
2017-06-01T07:01:56,121.217,24.949,11.0
2017-06-01T06:47:59,120.631,23.832,41.0
2017-06-01T07:01:15,121.81,24.629,31.0
2017-06-01T07:02:17,121.54,25.029,2.0
2017-06-01T07:00:10,121.12,25.037,18.0
2017-06-01T06:41:03,121.116,24.978,18.0
2017-06-01T06:44:08,121.557,25.043,9.0
2017-06-01T06:43:52,120.323,22.613,16.0
2017-06-01T07:01:50,121.143,25.045,15.0
2017-06-01T06:41:14,120.55,24.089,2.0
2017-06-01T06:31:00,121.009,24.948,18.0
2017-06-01T06:21:21,121.551,25.079,12.0
2017-06-01T07:00:32,129.042,35.345,50.0
2017-06-01T06:41:47,121.316,24.982,14.0
2017-06-01T07:00:46,121.058,25.021,17.0
2017-06-01T07:02:07,121.508,25.046,11.0
2017-06-01T06:53:32,121.102,25.013,11.0
2017-06-01T06:48:29,121.283,24.988,13.0
2017-06-01T07:02:50,120.429,24.047,25.0
2017-06-01T06:41:07,121.512,25.115,16.0
2017-06-01T07:02:17,120.735,24.252,28.0
2017-06-01T06:47:23,120.565,23.885,0.0
2017-06-01T06:55:56,128.101,35.173,43.0
2017-06-01T06:54:26,127.973,35.059,53.0
2017-06-01T07:03:08,128.19,34.945,49.0
2017-06-01T07:03:35,120.656,24.018,18.0
2017-06-01T06:54:49,129.067,35.415,52.0
2017-06-01T07:00:37,129.028,35.375,48.0
2017-06-01T07:03:32,121.295,24.89,8.0
2017-06-01T07:03:59,120.33,22.63,17.0
2017-06-01T07:03:41,120.942,24.309,10.0
2017-06-01T06:52:27,121.306,25.017,15.0
2017-06-01T07:00:53,120.468,23.961,18.0
2017-06-01T07:02:29,121.163,24.936,12.0
2017-06-01T07:02:39,120.674,24.151,31.0
2017-06-01T06:58:43,121.144,24.905,10.0
2017-06-01T06:57:53,120.251,23.051,14.0
2017-06-01T06:54:55,120.655,24.143,25.0
2017-06-01T06:53:53,120.223,23.797,12.0
2017-06-01T06:53:41,120.568,24.156,19.0
2017-06-01T06:52:44,121.556,24.988,13.0
2017-06-01T06:53:48,101.695,3.047,23.0
2017-06-01T06:47:10,120.497,22.676,4.0
2017-06-01T06:58:00,121.446,25.045,11.0
2017-06-01T06:38:25,121.244,25.103,16.0
2017-06-01T06:33:08,120.644,24.151,35.0
2017-06-01T06:53:37,120.698,24.252,19.0
2017-06-01T07:01:16,120.715,24.164,36.0
2017-06-01T06:57:17,120.314,22.678,6.0
2017-06-01T06:58:57,121.499,25.023,11.0
2017-06-01T07:02:43,121.54,25.017,12.0
2017-06-01T07:00:54,120.663,24.117,24.0
2017-06-01T07:01:47,121.57,25.047,10.0
2017-06-01T06:32:40,120.996,24.791,8.0
2017-06-01T07:03:23,120.714,24.157,13.0
2017-06-01T07:02:14,120.789,23.763,9.0
2017-06-01T06:51:10,120.664,24.157,1.0
2017-06-01T06:55:54,121.233,24.953,10.0
2017-06-01T06:31:06,121.03,24.826,12.0
2017-06-01T06:52:49,120.563,22.607,5.0
2017-06-01T06:54:38,120.536,22.543,10.0
2017-06-01T07:03:27,121.54,25.03,9.0
2017-06-01T07:03:16,120.329,23.29,12.0
2017-06-01T06:09:58,121.732,24.724,24.0
2017-06-01T06:31:17,121.576,25.003,16.0
2017-06-01T06:27:15,121.783,24.8,41.0
2017-06-01T06:26:55,121.56,25.033,3.0
2017-06-01T06:47:26,120.674,24.183,18.0
2017-06-01T06:28:12,121.848,24.905,42.0
2017-06-01T06:54:26,120.653,24.118,20.0
2017-06-01T07:01:55,121.845,24.595,40.0
2017-06-01T06:53:40,121.548,25.102,10.0
2017-06-01T06:53:09,120.696,24.15,31.0
2017-06-01T06:37:25,121.621,25.039,11.0
2017-06-01T07:03:17,120.639,24.142,11.0
2017-06-01T06:43:42,120.551,24.069,6.0
2017-06-01T06:54:55,121.288,24.879,7.0
2017-06-01T06:58:45,121.793,24.698,37.0
2017-06-01T06:58:32,121.557,25.029,12.0
2017-06-01T06:24:36,121.62,25.037,9.0
2017-06-01T07:03:14,121.443,25.084,23.0
2017-06-01T07:01:29,120.597,24.139,13.0
2017-06-01T06:53:39,121.318,24.981,11.0
2017-06-01T06:57:48,120.613,24.143,13.0
2017-06-01T06:32:29,120.666,24.18,16.0
2017-06-01T06:52:17,121.525,25.098,3.0
2017-06-01T06:55:46,120.707,24.303,14.0
2017-06-01T07:04:07,121.191,24.966,16.0
2017-06-01T07:01:15,120.79,21.949,14.0
2017-06-01T07:00:26,121.619,25.04,9.0
2017-06-01T06:41:54,120.729,24.313,12.0
2017-06-01T07:01:10,120.286,23.848,12.0
2017-06-01T06:47:04,120.735,24.122,13.0
2017-06-01T06:53:52,120.327,22.659,21.0
2017-06-01T06:58:22,129.028,35.375,51.0
2017-06-01T06:20:14,126.716,35.975,36.0
2017-06-01T07:01:11,121.104,24.926,17.0
2017-06-01T06:52:29,126.967,37.217,23.0
2017-06-01T06:55:26,127.795,34.971,62.0
2017-06-01T06:47:58,128.161,35.171,48.0
2017-06-01T06:53:46,120.624,24.355,12.0
2017-06-01T06:14:51,121.521,23.6,25.0
2017-06-01T07:00:35,121.57,25.141,17.0
2017-06-01T06:58:29,120.648,24.161,14.0
2017-06-01T06:52:45,121.288,24.881,7.0
2017-06-01T06:48:52,121.229,24.942,12.0
2017-06-01T06:53:43,121.366,25.069,12.0
2017-06-01T06:52:41,121.39,25.134,13.0
2017-06-01T06:58:31,120.564,23.994,14.0
2017-06-01T06:36:21,121.57,25.296,20.0
2017-06-01T07:01:32,121.318,24.999,13.0
2017-06-01T07:01:15,127.048,37.223,21.0
2017-06-01T06:58:54,121.517,25.001,11.0
2017-06-01T06:55:07,121.538,25.019,9.0
2017-06-01T07:02:35,121.249,24.993,15.0
2017-06-01T06:47:45,128.579,35.219,45.0
2017-06-01T06:53:21,128.545,35.237,35.0
2017-06-01T06:40:11,128.693,34.897,38.0
2017-06-01T06:56:19,120.644,24.131,37.0
2017-06-01T07:01:26,127.048,37.223,23.0
2017-06-01T07:01:04,120.694,24.152,25.0
