2017-06-01T05:57:49,120.222,22.982,4.0
2017-06-01T05:49:57,121.535,25.053,15.0
2017-06-01T05:59:49,120.427,23.487,12.0
2017-06-01T05:58:26,120.641,24.151,19.0
2017-06-01T05:43:47,120.564,24.215,12.0
2017-06-01T05:54:04,120.312,22.66,3.0
2017-06-01T05:55:53,120.216,23.011,4.0
2017-06-01T05:55:26,120.356,22.666,11.0
2017-06-01T05:09:28,120.731,24.164,14.0
2017-06-01T05:37:02,121.552,25.035,14.0
2017-06-01T05:38:31,121.513,25.053,17.0
2017-06-01T05:58:27,121.57,24.99,14.0
2017-06-01T05:55:52,121.734,25.143,31.0
2017-06-01T05:12:53,121.473,25.03,12.0
2017-06-01T05:58:16,120.595,24.188,12.0
2017-06-01T05:52:48,120.2,23.131,3.0
2017-06-01T05:49:44,121.443,25.05,7.0
2017-06-01T05:32:17,121.149,24.896,10.0
2017-06-01T05:42:31,120.642,24.407,20.0
2017-06-01T05:14:51,120.554,24.083,11.0
2017-06-01T05:55:43,120.696,24.173,8.0
2017-06-01T05:38:05,120.345,23.531,7.0
2017-06-01T05:43:23,121.613,25.036,13.0
2017-06-01T05:56:18,121.525,25.034,10.0
2017-06-01T05:53:36,120.418,23.464,4.0
2017-06-01T05:31:44,121.609,25.056,14.0
2017-06-01T05:59:36,120.637,24.165,11.0
2017-06-01T05:32:18,120.3,22.686,4.0
2017-06-01T05:53:11,120.457,23.594,11.0
2017-06-01T05:55:45,120.425,22.58,34.0
2017-06-01T05:47:49,121.209,24.949,12.0
2017-06-01T05:32:43,121.546,25.015,10.0
2017-06-01T05:12:22,121.524,25.024,10.0
2017-06-01T05:57:05,120.666,24.18,17.0
2017-06-01T05:55:39,120.673,24.03,13.0
2017-06-01T05:42:05,120.731,24.16,11.0
2017-06-01T05:28:05,121.513,25.064,13.0
2017-06-01T05:55:59,120.735,24.159,15.0
2017-06-01T05:28:03,121.431,25.015,13.0
2017-06-01T05:34:42,121.616,25.057,9.0
2017-06-01T05:57:26,120.507,22.68,4.0
2017-06-01T05:55:29,120.72,24.17,4.0
2017-06-01T05:59:45,121.747,24.751,27.0
2017-06-01T05:55:09,121.519,25.115,19.0
2017-06-01T05:57:02,120.682,24.166,14.0
2017-06-01T05:29:23,121.545,25.027,12.0
2017-06-01T05:48:27,120.622,24.113,21.0
2017-06-01T05:47:05,120.419,23.897,10.0
2017-06-01T05:55:27,120.325,22.665,9.0
2017-06-01T05:56:09,120.317,22.61,3.0
2017-06-01T05:55:29,120.332,22.628,2.0
2017-06-01T05:54:04,103.817,1.28,19.0
2017-06-01T05:39:02,121.471,22.673,9.0
2017-06-01T05:38:42,121.081,25.037,19.0
2017-06-01T05:53:39,120.532,24.085,12.0
2017-06-01T05:49:42,121.145,24.964,13.0
2017-06-01T05:18:56,121.215,24.941,12.0
2017-06-01T05:42:24,120.355,22.972,5.0
2017-06-01T05:58:13,120.631,24.153,19.0
2017-06-01T05:54:45,120.697,24.057,10.0
2017-06-01T05:32:38,121.221,24.964,11.0
2017-06-01T05:52:34,120.582,24.226,14.0
2017-06-01T05:54:25,120.663,24.116,19.0
2017-06-01T05:47:10,128.692,35.211,50.0
2017-06-01T05:52:44,120.639,24.183,29.0
2017-06-01T05:54:44,128.496,35.543,41.0
2017-06-01T05:55:42,126.969,37.577,32.0
2017-06-01T05:54:26,129.067,35.415,39.0
2017-06-01T05:56:11,128.687,35.234,45.0
2017-06-01T05:56:14,128.69,34.892,59.0
2017-06-01T05:48:50,128.402,35.277,43.0
2017-06-01T05:52:39,128.417,34.876,47.0
2017-06-01T05:35:44,128.124,35.187,45.0
2017-06-01T05:55:12,128.557,35.173,29.0
2017-06-01T05:47:43,128.692,34.864,50.0
2017-06-01T05:01:51,128.545,35.238,43.0
2017-06-01T05:31:31,127.732,35.523,36.0
2017-06-01T05:48:58,126.903,37.533,25.0
2017-06-01T05:53:38,128.121,34.929,44.0
2017-06-01T05:53:15,128.557,35.176,46.0
2017-06-01T05:58:20,129.074,35.449,45.0
2017-06-01T05:56:37,120.299,23.571,1.0
2017-06-01T05:25:50,121.283,24.988,10.0
2017-06-01T05:53:26,121.519,25.012,15.0
2017-06-01T05:49:52,128.68,35.235,41.0
2017-06-01T05:27:12,121.201,25.065,16.0
2017-06-01T05:22:01,128.533,35.339,40.0
2017-06-01T05:38:44,128.663,35.244,43.0
2017-06-01T05:39:20,121.141,24.892,10.0
2017-06-01T05:58:25,121.231,24.95,8.0
2017-06-01T05:58:01,121.451,25.062,11.0
2017-06-01T05:56:36,121.308,25.02,13.0
2017-06-01T05:44:37,121.202,24.953,11.0
2017-06-01T05:54:51,120.345,23.531,8.0
2017-06-01T05:57:17,121.768,24.662,27.0
2017-06-01T05:49:47,121.766,24.728,31.0
2017-06-01T05:59:37,120.661,24.13,7.0
2017-06-01T05:37:54,128.098,34.942,80.0
2017-06-01T05:56:28,120.638,24.179,17.0
2017-06-01T05:53:17,121.865,24.582,36.0
2017-06-01T05:46:59,121.743,24.627,30.0
2017-06-01T05:37:46,121.297,25.06,24.0
2017-06-01T05:57:47,121.55,25.081,12.0
2017-06-01T05:47:10,121.766,24.823,29.0
2017-06-01T05:53:36,121.536,25.018,9.0
2017-06-01T05:53:23,120.614,24.35,11.0
2017-06-01T05:57:16,120.735,24.252,30.0
2017-06-01T05:49:14,120.67,24.119,13.0
2017-06-01T05:47:33,121.498,25.023,12.0
2017-06-01T05:54:39,120.64,24.14,18.0
2017-06-01T05:48:53,121.149,24.91,11.0
2017-06-01T05:48:24,121.458,25.012,10.0
2017-06-01T05:48:49,118.452,24.461,20.0
2017-06-01T05:51:38,121.297,25.047,17.0
2017-06-01T05:44:14,105.847,21.004,24.0
2017-06-01T05:54:01,121.832,24.526,28.0
2017-06-01T05:49:35,121.795,24.648,22.0
2017-06-01T05:48:14,120.478,22.674,1.0
2017-06-01T05:27:35,121.404,24.809,14.0
2017-06-01T05:47:27,120.603,24.394,11.0
2017-06-01T05:42:04,120.326,22.621,5.0
2017-06-01T05:50:00,120.694,24.152,20.0
2017-06-01T05:54:10,121.522,25.08,17.0
2017-06-01T05:53:27,121.536,25.11,13.0
2017-06-01T05:58:11,121.552,25.056,13.0
2017-06-01T05:55:40,120.536,23.694,8.0
2017-06-01T05:54:15,121.548,25.038,12.0
2017-06-01T05:55:58,128.616,36.82,40.0
2017-06-01T05:46:40,121.507,25.126,16.0
2017-06-01T05:35:15,121.513,25.053,13.0
2017-06-01T05:57:11,120.675,24.157,17.0
2017-06-01T05:52:53,121.531,25.105,14.0
2017-06-01T05:55:26,120.734,24.12,16.0
2017-06-01T05:12:50,121.554,25.033,31.0
2017-06-01T05:46:49,129.075,35.449,48.0
2017-06-01T05:57:10,120.577,24.299,12.0
2017-06-01T05:52:35,121.306,25.082,14.0
2017-06-01T05:56:55,120.997,24.786,7.0
2017-06-01T05:57:29,120.491,24.023,18.0
2017-06-01T05:39:36,121.532,25.022,12.0
2017-06-01T05:57:12,121.321,25.008,12.0
2017-06-01T05:55:59,120.544,23.704,10.0
2017-06-01T05:58:01,121.507,25.084,11.0
2017-06-01T05:38:53,121.636,25.066,12.0
2017-06-01T05:49:24,120.485,23.467,5.0
2017-06-01T05:57:01,120.485,23.468,9.0
2017-06-01T05:54:28,120.643,24.151,20.0
2017-06-01T05:54:58,121.554,25.058,13.0
2017-06-01T05:59:44,121.582,25.062,3.0
2017-06-01T05:41:08,121.128,25.062,24.0
2017-06-01T05:37:14,121.482,25.105,15.0
2017-06-01T05:48:11,21.001,52.182,9.0
2017-06-01T05:57:29,120.669,24.176,0.0
2017-06-01T05:48:21,128.688,35.234,49.0
2017-06-01T05:54:40,120.341,22.636,8.0
2017-06-01T05:56:27,120.657,24.208,17.0
2017-06-01T05:46:54,121.128,22.903,8.0
2017-06-01T05:48:16,121.139,22.931,9.0
2017-06-01T05:56:59,120.667,24.119,12.0
2017-06-01T05:58:07,120.732,24.135,16.0
2017-06-01T05:21:31,120.612,24.191,21.0
2017-06-01T05:49:33,121.097,24.992,16.0
2017-06-01T05:56:21,121.014,24.784,9.0
2017-06-01T05:55:28,121.141,24.963,14.0
2017-06-01T05:26:41,120.565,24.279,11.0
2017-06-01T05:56:35,121.842,24.592,30.0
2017-06-01T05:56:45,121.585,25.038,13.0
2017-06-01T05:57:35,121.303,24.967,10.0
2017-06-01T05:27:58,127.877,34.897,46.0
2017-06-01T05:55:13,121.22,24.87,8.0
2017-06-01T05:52:01,127.029,37.493,17.0
2017-06-01T05:46:24,121.551,25.059,16.0
2017-06-01T05:58:12,128.081,35.199,48.0
2017-06-01T05:03:51,121.798,24.661,34.0
2017-06-01T05:47:41,120.87,24.612,10.0
2017-06-01T05:47:35,120.532,23.716,9.0
2017-06-01T05:44:36,120.448,23.475,4.0
2017-06-01T05:27:02,121.216,24.864,6.0
2017-06-01T05:17:32,121.516,25.064,14.0
2017-06-01T05:48:56,128.698,35.205,45.0
2017-06-01T05:54:55,127.783,34.948,52.0
2017-06-01T05:53:04,126.967,37.218,27.0
2017-06-01T05:37:42,121.532,25.036,13.0
2017-06-01T05:17:01,121.522,25.112,17.0
2017-06-01T05:35:45,121.016,24.862,11.0
2017-06-01T05:43:26,128.557,35.144,51.0
2017-06-01T05:29:24,127.783,34.948,49.0
2017-06-01T05:55:09,128.121,34.929,49.0
2017-06-01T05:58:17,128.457,35.273,40.0
2017-06-01T05:58:25,121.144,24.905,10.0
2017-06-01T05:59:39,121.59,25.067,12.0
2017-06-01T05:12:34,121.106,24.972,14.0
2017-06-01T05:51:49,121.543,25.023,11.0
2017-06-01T05:32:38,121.519,25.108,14.0
2017-06-01T05:53:48,120.638,23.976,14.0
2017-06-01T05:58:30,121.083,25.028,15.0
2017-06-01T05:43:48,121.551,25.035,11.0
2017-06-01T05:58:17,121.3,25.05,26.0
2017-06-01T05:56:40,127.91,35.687,23.0
2017-06-01T05:57:40,121.387,25.04,15.0
2017-06-01T05:34:08,121.724,24.67,27.0
2017-06-01T05:55:48,120.503,24.113,16.0
2017-06-01T05:12:45,121.254,25.039,12.0
2017-06-01T05:57:54,120.473,23.787,12.0
2017-06-01T05:20:54,121.514,25.105,14.0
2017-06-01T05:57:20,120.665,24.136,16.0
2017-06-01T05:43:48,121.529,25.02,11.0
2017-06-01T05:46:45,121.766,24.663,25.0
2017-06-01T05:56:53,120.614,24.127,17.0
2017-06-01T05:47:38,121.026,24.974,18.0
2017-06-01T05:52:26,120.702,24.188,17.0
2017-06-01T05:58:22,121.451,25.062,14.0
2017-06-01T05:54:07,121.319,24.994,11.0
2017-06-01T05:54:27,120.49,22.662,4.0
2017-06-01T05:44:24,120.72,24.302,31.0
2017-06-01T05:48:59,121.264,25.008,12.0
2017-06-01T05:57:37,120.544,23.71,6.0
2017-06-01T05:44:29,121.184,24.912,10.0
2017-06-01T05:37:21,120.688,24.091,13.0
2017-06-01T05:07:49,121.497,24.958,31.0
2017-06-01T05:54:33,128.693,34.897,45.0
2017-06-01T05:54:48,126.78,37.647,30.0
2017-06-01T05:54:23,127.824,34.985,43.0
2017-06-01T05:56:16,128.057,35.169,47.0
2017-06-01T05:43:22,77.259,28.533,101.0
2017-06-01T05:51:47,103.92,1.306,23.0
2017-06-01T05:51:29,121.521,25.283,20.0
2017-06-01T05:57:18,120.636,24.166,4.0
2017-06-01T05:23:45,121.37,24.942,14.0
2017-06-01T05:39:36,121.451,25.1,13.0
2017-06-01T05:53:24,121.582,25.062,2.0
2017-06-01T05:44:11,121.853,24.615,36.0
2017-06-01T05:18:45,129.331,35.625,64.0
2017-06-01T05:52:43,121.149,24.91,11.0
2017-06-01T05:39:29,121.486,25.07,13.0
2017-06-01T05:53:06,103.869,1.322,23.0
2017-06-01T05:55:14,120.325,22.638,3.0
2017-06-01T05:54:59,128.598,35.254,48.0
2017-06-01T05:56:22,121.835,24.595,28.0
2017-06-01T05:55:22,120.694,24.18,15.0
2017-06-01T05:52:40,120.541,24.069,9.0
2017-06-01T05:35:12,120.266,23.089,8.0
2017-06-01T05:55:53,121.262,24.967,11.0
2017-06-01T05:54:33,121.238,24.956,10.0
2017-06-01T05:49:49,120.663,24.117,22.0
2017-06-01T05:56:46,121.442,25.19,15.0
2017-06-01T05:52:58,121.549,25.053,20.0
2017-06-01T05:57:06,121.252,24.913,9.0
2017-06-01T05:55:43,121.204,25.072,14.0
2017-06-01T05:57:46,120.331,22.724,7.0
2017-06-01T05:07:22,120.54,23.702,17.0
2017-06-01T05:18:32,128.752,35.502,45.0
2017-06-01T05:58:21,121.451,25.062,15.0
2017-06-01T05:55:04,127.824,34.985,49.0
2017-06-01T05:56:41,127.955,35.297,43.0
2017-06-01T05:52:40,121.398,24.686,9.0
2017-06-01T05:47:11,120.3,22.662,4.0
2017-06-01T05:57:39,120.667,24.13,14.0
2017-06-01T05:46:32,120.481,23.958,10.0
2017-06-01T05:21:08,120.613,24.181,14.0
2017-06-01T05:54:58,121.374,25.03,13.0
2017-06-01T05:56:34,121.371,25.057,15.0
2017-06-01T05:57:57,121.579,25.043,11.0
2017-06-01T05:44:23,121.458,25.012,11.0
2017-06-01T05:59:35,120.685,24.196,16.0
2017-06-01T05:56:23,121.548,25.049,11.0
2017-06-01T05:57:34,120.581,24.088,13.0
2017-06-01T05:54:53,121.137,25.013,10.0
2017-06-01T05:57:43,128.689,35.227,45.0
2017-06-01T05:56:03,120.705,24.215,18.0
2017-06-01T05:52:02,120.637,24.156,22.0
2017-06-01T05:49:34,121.516,25.008,10.0
2017-06-01T05:41:07,121.222,25.085,15.0
2017-06-01T05:58:00,120.314,22.678,4.0
2017-06-01T05:55:47,120.614,24.19,13.0
2017-06-01T05:59:53,-65.399,-24.788,15.0
2017-06-01T05:32:00,120.67,24.148,20.0
2017-06-01T05:27:33,121.21,24.94,10.0
2017-06-01T05:57:20,121.215,24.856,9.0
2017-06-01T05:54:20,120.222,22.983,0.0
2017-06-01T05:18:41,121.265,24.883,13.0
2017-06-01T05:09:18,121.543,25.024,13.0
2017-06-01T05:53:42,121.294,24.873,7.0
2017-06-01T05:58:03,121.346,24.99,11.0
2017-06-01T05:54:11,120.617,24.175,18.0
2017-06-01T05:51:32,120.158,22.991,8.0
2017-06-01T05:57:50,120.724,24.134,11.0
2017-06-01T05:44:16,120.648,24.154,18.0
2017-06-01T05:42:52,121.257,24.953,9.0
2017-06-01T05:53:18,128.69,34.892,48.0
2017-06-01T05:52:03,120.595,24.187,18.0
2017-06-01T05:56:52,120.657,24.115,13.0
2017-06-01T05:47:55,121.35,24.819,10.0
2017-06-01T05:41:51,121.516,25.035,12.0
2017-06-01T05:57:07,120.704,24.308,20.0
2017-06-01T05:56:53,120.631,24.214,22.0
2017-06-01T05:55:41,120.578,24.174,12.0
2017-06-01T05:49:34,121.528,25.112,12.0
2017-06-01T05:57:06,121.264,24.936,9.0
2017-06-01T05:47:00,120.638,24.161,13.0
2017-06-01T05:52:30,121.23,25.06,14.0
2017-06-01T05:22:24,121.298,24.935,12.0
2017-06-01T05:48:18,120.453,23.468,22.0
2017-06-01T05:48:46,121.834,24.521,28.0
2017-06-01T05:53:28,121.57,24.999,12.0
2017-06-01T05:49:41,121.538,24.967,10.0
2017-06-01T05:35:32,120.643,24.133,14.0
2017-06-01T05:57:38,121.167,24.93,11.0
2017-06-01T05:41:36,121.538,25.014,11.0
2017-06-01T05:55:34,128.303,35.291,44.0
2017-06-01T05:19:05,128.41,34.948,49.0
2017-06-01T05:56:49,139.903,35.706,6.0
2017-06-01T05:57:49,128.092,35.083,48.0
2017-06-01T05:57:46,120.621,24.107,16.0
2017-06-01T05:56:03,128.715,35.155,53.0
2017-06-01T05:55:02,121.582,25.062,2.0
2017-06-01T05:54:28,121.249,24.918,9.0
2017-06-01T05:54:09,120.797,24.24,17.0
2017-06-01T05:27:46,121.557,24.989,16.0
2017-06-01T05:49:12,120.27,23.322,10.0
2017-06-01T05:53:31,120.723,24.288,12.0
2017-06-01T05:48:17,121.766,24.655,24.0
2017-06-01T05:54:58,121.576,25.297,18.0
2017-06-01T05:54:48,121.561,25.043,11.0
2017-06-01T05:44:32,120.26,23.329,22.0
2017-06-01T05:47:15,120.222,22.996,4.0
2017-06-01T05:55:57,120.755,23.741,12.0
2017-06-01T05:49:19,121.0,24.784,7.0
2017-06-01T05:55:34,120.708,24.308,23.0
2017-06-01T05:46:26,121.54,25.03,11.0
2017-06-01T05:22:38,121.499,25.037,45.0
2017-06-01T05:52:50,121.382,25.052,14.0
2017-06-01T05:27:02,120.98,24.833,13.0
2017-06-01T05:52:07,128.244,35.322,48.0
2017-06-01T05:54:36,120.681,23.76,9.0
2017-06-01T05:51:45,127.153,37.455,34.0
2017-06-01T05:54:17,120.658,24.137,17.0
2017-06-01T05:49:01,120.695,24.164,13.0
2017-06-01T05:47:04,121.146,24.979,13.0
2017-06-01T05:34:04,121.499,25.037,20.0
2017-06-01T05:57:03,121.529,25.02,9.0
2017-06-01T05:53:33,120.558,24.085,14.0
2017-06-01T05:44:41,121.552,25.013,11.0
2017-06-01T05:52:37,127.099,37.46,35.0
2017-06-01T05:37:52,120.454,23.487,17.0
2017-06-01T05:55:24,121.516,25.061,14.0
2017-06-01T05:56:48,120.547,24.194,13.0
2017-06-01T05:56:35,120.543,23.992,12.0
2017-06-01T05:57:07,121.54,24.989,12.0
2017-06-01T05:46:51,120.636,24.166,5.0
2017-06-01T05:07:53,121.525,25.034,14.0
2017-06-01T05:48:29,121.492,25.033,11.0
2017-06-01T05:27:28,121.095,24.919,9.0
2017-06-01T05:21:22,120.545,24.064,5.0
2017-06-01T05:48:16,120.637,24.148,19.0
2017-06-01T05:48:16,120.315,22.666,1.0
2017-06-01T05:48:13,121.169,24.886,10.0
2017-06-01T05:54:12,120.715,24.308,0.0
2017-06-01T05:57:55,120.656,24.136,13.0
2017-06-01T05:35:37,121.462,25.133,12.0
2017-06-01T05:27:37,120.635,24.175,16.0
2017-06-01T05:54:32,120.681,24.163,13.0
2017-06-01T05:47:34,121.507,25.046,12.0
2017-06-01T05:38:00,120.763,24.174,20.0
2017-06-01T05:35:10,120.817,24.543,23.0
2017-06-01T05:48:28,121.553,25.013,12.0
2017-06-01T05:47:37,121.582,25.062,2.0
2017-06-01T05:12:24,120.285,22.725,4.0
2017-06-01T05:56:46,120.666,24.143,14.0
2017-06-01T05:27:17,120.287,22.632,4.0
2017-06-01T05:47:51,120.592,22.69,19.0
2017-06-01T05:54:35,121.027,24.768,10.0
2017-06-01T05:43:22,120.696,24.082,13.0
2017-06-01T05:53:40,120.61,24.187,16.0
2017-06-01T05:38:05,120.655,24.143,23.0
2017-06-01T05:39:35,120.61,24.186,15.0
2017-06-01T05:28:05,121.591,25.078,6.0
2017-06-01T05:25:58,120.546,24.093,14.0
2017-06-01T05:52:31,120.552,24.05,9.0
2017-06-01T05:12:41,120.655,24.152,15.0
2017-06-01T05:56:24,120.645,24.158,19.0
2017-06-01T05:54:40,120.286,22.663,8.0
2017-06-01T05:55:11,121.537,25.005,8.0
2017-06-01T05:39:19,120.648,24.141,18.0
2017-06-01T05:56:32,121.097,24.973,12.0
2017-06-01T05:48:46,121.515,24.966,12.0
2017-06-01T05:55:35,121.451,25.062,0.0
2017-06-01T05:59:41,129.332,35.626,48.0
2017-06-01T05:53:09,121.191,24.966,13.0
2017-06-01T05:44:04,128.163,35.565,30.0
2017-06-01T05:43:04,120.561,24.204,13.0
2017-06-01T05:18:58,120.551,24.071,10.0
2017-06-01T05:58:27,120.598,23.719,22.0
2017-06-01T05:19:14,121.18,24.843,11.0
2017-06-01T05:57:03,120.462,23.547,13.0
2017-06-01T05:51:55,120.996,24.795,11.0
2017-06-01T05:34:52,6.453,51.15,1.0
2017-06-01T05:44:10,121.493,25.031,15.0
2017-06-01T05:55:02,121.572,25.083,12.0
2017-06-01T05:01:25,121.296,25.014,15.0
2017-06-01T05:52:22,121.215,25.081,15.0
2017-06-01T05:38:36,121.222,25.093,12.0
2017-06-01T05:57:09,121.52,25.071,11.0
2017-06-01T05:48:46,120.538,22.905,14.0
2017-06-01T05:20:58,120.202,22.984,11.0
2017-06-01T05:55:42,121.125,24.682,7.0
2017-06-01T05:57:44,121.215,24.959,6.0
2017-06-01T05:52:36,127.067,37.195,31.0
2017-06-01T05:35:00,120.512,24.126,17.0
2017-06-01T05:44:08,120.6,15.167,45.0
2017-06-01T05:56:06,120.602,24.184,15.0
2017-06-01T05:31:03,120.635,24.136,20.0
2017-06-01T05:53:09,121.524,25.072,13.0
2017-06-01T05:52:48,128.596,35.247,44.0
2017-06-01T05:49:28,121.282,24.945,11.0
2017-06-01T05:48:21,128.083,34.93,53.0
2017-06-01T05:27:03,128.866,35.189,45.0
2017-06-01T05:55:19,120.3,22.669,9.0
2017-06-01T05:58:23,121.315,24.956,9.0
2017-06-01T05:57:28,121.541,25.015,10.0
2017-06-01T05:49:36,120.743,24.263,15.0
2017-06-01T05:42:37,120.673,24.25,23.0
2017-06-01T05:34:13,128.557,35.146,46.0
2017-06-01T05:58:30,121.62,25.037,10.0
2017-06-01T05:47:01,127.795,34.971,46.0
2017-06-01T05:48:54,128.114,35.206,44.0
2017-06-01T05:22:58,121.201,24.994,13.0
2017-06-01T05:46:54,121.049,25.005,10.0
2017-06-01T05:53:42,121.523,25.058,12.0
2017-06-01T05:49:25,120.299,23.459,9.0
2017-06-01T05:56:25,128.457,35.273,44.0
2017-06-01T05:34:06,121.214,22.879,22.0
2017-06-01T05:18:35,120.631,24.123,22.0
2017-06-01T05:56:10,120.286,23.848,11.0
2017-06-01T05:39:01,121.503,25.089,15.0
2017-06-01T05:49:50,121.392,24.961,20.0
2017-06-01T05:34:07,121.535,25.023,12.0
2017-06-01T05:38:22,121.226,24.945,10.0
2017-06-01T05:53:30,121.53,25.098,19.0
2017-06-01T05:53:19,121.576,25.06,9.0
2017-06-01T05:35:19,120.767,23.739,16.0
2017-06-01T05:52:58,120.431,23.471,15.0
2017-06-01T05:54:43,121.773,25.136,29.0
2017-06-01T05:21:55,120.287,22.632,3.0
2017-06-01T05:48:51,120.968,24.767,9.0
2017-06-01T05:59:47,121.602,25.263,11.0
2017-06-01T05:21:39,127.748,35.066,41.0
2017-06-01T05:53:00,121.796,24.624,29.0
2017-06-01T05:58:28,121.52,25.04,9.0
2017-06-01T05:56:02,120.226,22.996,5.0
2017-06-01T05:55:06,101.517,3.074,18.0
2017-06-01T05:58:13,121.357,24.988,12.0
2017-06-01T05:46:44,121.799,24.638,29.0
2017-06-01T05:37:06,120.337,22.679,6.0
2017-06-01T05:43:59,121.496,25.134,13.0
2017-06-01T05:53:04,120.725,24.145,15.0
2017-06-01T05:58:18,121.301,24.88,12.0
2017-06-01T05:54:57,120.217,23.046,7.0
2017-06-01T05:57:08,121.536,25.073,12.0
2017-06-01T05:53:18,121.214,24.94,11.0
2017-06-01T05:44:17,120.614,24.179,21.0
2017-06-01T05:51:43,121.511,24.998,13.0
2017-06-01T05:52:55,120.529,23.692,9.0
2017-06-01T05:56:47,120.79,23.827,11.0
2017-06-01T05:55:55,121.005,24.828,9.0
2017-06-01T05:59:43,120.198,22.992,7.0
2017-06-01T05:08:04,121.056,24.755,11.0
2017-06-01T05:42:47,121.179,24.907,11.0
2017-06-01T05:42:23,121.777,24.648,28.0
2017-06-01T05:55:25,120.637,24.165,3.0
2017-06-01T05:54:42,121.183,24.924,9.0
2017-06-01T05:49:47,120.636,24.165,11.0
2017-06-01T05:51:46,121.192,24.97,14.0
2017-06-01T05:51:25,120.652,24.131,20.0
2017-06-01T05:58:10,121.028,22.702,15.0
2017-06-01T05:05:37,120.422,24.028,12.0
2017-06-01T05:41:28,120.698,24.186,18.0
2017-06-01T05:12:38,121.296,25.047,14.0
2017-06-01T05:43:45,120.566,24.266,9.0
2017-06-01T05:48:45,120.652,24.173,18.0
2017-06-01T05:59:56,121.54,25.017,9.0
2017-06-01T05:46:42,121.562,25.058,17.0
2017-06-01T05:44:34,121.169,24.891,21.0
2017-06-01T05:43:51,121.833,24.62,34.0
2017-06-01T05:47:21,121.792,24.63,28.0
2017-06-01T05:44:44,121.541,25.063,12.0
2017-06-01T05:41:15,121.443,25.031,12.0
2017-06-01T05:57:45,121.835,24.596,32.0
2017-06-01T05:31:39,121.256,24.983,13.0
2017-06-01T05:56:25,120.546,23.717,12.0
2017-06-01T05:46:51,120.719,24.314,21.0
2017-06-01T05:54:18,120.745,24.354,0.0
2017-06-01T05:26:48,121.527,25.048,14.0
2017-06-01T05:57:07,120.301,22.688,6.0
2017-06-01T05:52:50,127.057,36.776,42.0
2017-06-01T05:43:21,121.22,24.953,12.0
2017-06-01T05:54:11,121.263,24.962,10.0
2017-06-01T05:23:38,121.58,25.063,4.0
2017-06-01T05:35:11,120.68,24.163,16.0
2017-06-01T05:46:36,121.538,25.017,22.0
2017-06-01T05:51:28,121.203,24.944,11.0
2017-06-01T05:56:01,128.579,35.219,45.0
2017-06-01T05:57:16,120.701,24.067,11.0
2017-06-01T05:58:24,120.324,22.652,6.0
2017-06-01T05:43:16,128.53,34.918,50.0
2017-06-01T05:48:06,120.455,23.495,10.0
2017-06-01T05:56:09,120.468,23.553,17.0
2017-06-01T05:59:53,120.613,24.184,15.0
2017-06-01T05:55:28,126.716,35.975,43.0
2017-06-01T05:54:38,118.316,24.436,12.0
2017-06-01T05:42:46,120.568,24.156,16.0
2017-06-01T05:48:53,120.533,24.063,16.0
2017-06-01T05:53:03,120.547,24.084,14.0
2017-06-01T05:39:02,121.57,25.047,15.0
2017-06-01T05:48:04,121.582,25.062,2.0
2017-06-01T05:27:48,121.292,24.92,10.0
2017-06-01T05:58:17,121.306,25.017,13.0
2017-06-01T05:56:43,120.443,23.483,9.0
2017-06-01T05:44:39,128.608,34.821,46.0
2017-06-01T05:52:27,128.918,35.231,50.0
2017-06-01T05:57:49,107.608,-6.886,19.0
2017-06-01T05:44:33,128.568,35.221,49.0
2017-06-01T05:41:34,128.114,35.205,40.0
2017-06-01T05:54:04,121.553,25.054,12.0
2017-06-01T05:56:54,120.723,24.162,17.0
2017-06-01T05:37:36,126.91,37.55,28.0
2017-06-01T05:54:47,120.362,23.879,13.0
2017-06-01T05:47:06,128.805,35.201,40.0
2017-06-01T05:57:43,120.651,24.216,20.0
2017-06-01T05:23:45,121.187,24.967,11.0
2017-06-01T05:54:13,103.896,1.301,19.0
2017-06-01T05:57:00,121.576,24.99,19.0
2017-06-01T05:01:02,121.548,25.102,12.0
2017-06-01T05:59:45,121.251,24.974,10.0
2017-06-01T05:59:42,121.213,24.897,8.0
2017-06-01T05:58:05,120.568,23.963,18.0
2017-06-01T05:37:23,120.695,24.018,12.0
2017-06-01T05:52:59,121.562,25.056,25.0
2017-06-01T05:53:24,121.471,24.653,35.0
2017-06-01T05:19:07,121.213,25.007,12.0
2017-06-01T05:51:33,128.643,35.25,48.0
2017-06-01T05:02:19,121.563,25.031,12.0
2017-06-01T05:37:55,121.593,25.053,11.0
2017-06-01T05:57:29,120.316,23.319,8.0
2017-06-01T05:52:42,120.916,24.711,10.0
2017-06-01T05:53:31,121.293,25.017,14.0
2017-06-01T05:57:11,121.5,25.036,55.0
2017-06-01T05:44:41,120.637,24.165,5.0
2017-06-01T05:37:59,121.842,24.626,43.0
2017-06-01T05:42:40,120.651,24.149,15.0
2017-06-01T05:42:00,121.36,24.711,17.0
2017-06-01T05:54:52,121.59,25.061,18.0
2017-06-01T05:55:01,121.223,24.936,8.0
2017-06-01T05:51:51,121.541,25.045,12.0
2017-06-01T05:54:43,121.611,25.067,12.0
2017-06-01T05:44:41,120.539,24.06,14.0
2017-06-01T05:59:40,121.549,25.078,10.0
2017-06-01T05:54:21,120.196,23.015,1.0
2017-06-01T05:54:17,120.717,24.197,22.0
2017-06-01T05:49:51,121.389,25.041,16.0
2017-06-01T05:48:02,121.173,25.065,15.0
2017-06-01T05:53:21,121.194,24.968,13.0
2017-06-01T05:51:25,120.667,24.112,11.0
2017-06-01T05:50:00,120.636,24.165,2.0
2017-06-01T05:09:28,120.669,24.158,19.0
2017-06-01T05:41:43,120.601,24.179,13.0
2017-06-01T05:39:27,120.587,23.852,11.0
2017-06-01T05:26:22,121.256,25.076,13.0
2017-06-01T05:27:47,121.618,25.003,17.0
2017-06-01T05:57:41,120.639,24.141,3.0
2017-06-01T05:51:31,120.649,24.178,16.0
2017-06-01T05:52:05,130.423,33.588,41.0
2017-06-01T05:13:03,121.556,25.028,19.0
2017-06-01T05:57:05,120.463,23.482,13.0
2017-06-01T05:49:05,121.614,25.04,12.0
2017-06-01T05:52:01,121.409,24.932,11.0
2017-06-01T05:58:02,120.202,22.984,6.0
2017-06-01T05:27:48,120.3,22.804,5.0
2017-06-01T05:59:51,121.218,24.958,3.0
2017-06-01T05:37:28,121.302,24.955,9.0
2017-06-01T05:37:02,136.619,36.576,17.0
2017-06-01T05:52:49,121.688,24.679,30.0
2017-06-01T05:52:35,121.716,24.688,31.0
2017-06-01T05:56:07,121.811,24.625,33.0
2017-06-01T05:31:06,121.537,25.015,12.0
2017-06-01T05:56:55,121.869,24.576,37.0
2017-06-01T05:53:01,120.66,24.138,29.0
2017-06-01T05:49:24,120.699,24.105,11.0
2017-06-01T05:27:25,120.667,24.169,23.0
2017-06-01T05:03:59,120.644,24.131,22.0
2017-06-01T05:23:54,121.374,25.078,16.0
2017-06-01T05:35:40,126.894,37.483,31.0
2017-06-01T05:44:46,121.218,24.863,9.0
2017-06-01T05:37:32,121.286,24.883,9.0
2017-06-01T05:15:18,121.615,25.069,12.0
2017-06-01T05:55:15,121.55,25.033,12.0
2017-06-01T05:56:02,120.79,21.949,17.0
2017-06-01T05:31:14,121.524,25.025,0.0
2017-06-01T05:58:31,120.645,24.135,12.0
2017-06-01T05:37:34,121.57,25.141,16.0
2017-06-01T05:58:05,120.522,24.119,14.0
2017-06-01T05:55:36,121.258,24.974,11.0
2017-06-01T05:59:44,128.755,35.247,47.0
2017-06-01T05:53:56,120.713,24.305,31.0
2017-06-01T05:56:33,120.56,24.195,12.0
2017-06-01T05:55:05,121.34,24.993,10.0
2017-06-01T05:57:19,121.502,25.131,12.0
2017-06-01T05:53:39,121.272,24.991,13.0
2017-06-01T05:55:50,120.573,24.165,28.0
2017-06-01T05:58:22,121.582,25.062,2.0
2017-06-01T05:52:03,120.662,24.198,18.0
2017-06-01T05:53:37,120.612,24.055,30.0
2017-06-01T05:47:50,101.701,3.168,27.0
2017-06-01T05:55:32,120.715,24.14,15.0
2017-06-01T05:49:23,121.451,25.062,19.0
2017-06-01T05:37:57,129.06,35.416,50.0
2017-06-01T05:57:36,128.402,35.278,45.0
2017-06-01T05:43:45,127.847,35.736,28.0
2017-06-01T05:43:12,121.17,24.91,9.0
2017-06-01T05:57:33,121.586,25.078,14.0
2017-06-01T05:27:23,120.353,22.636,12.0
2017-06-01T05:57:44,121.496,25.073,15.0
2017-06-01T05:31:01,120.638,24.147,22.0
2017-06-01T05:53:14,120.453,23.53,13.0
2017-06-01T05:57:07,120.221,22.997,4.0
2017-06-01T05:49:04,120.693,23.862,14.0
2017-06-01T05:54:00,121.325,24.892,8.0
2017-06-01T05:31:49,121.289,24.85,12.0
2017-06-01T05:59:41,127.067,37.195,29.0
2017-06-01T05:52:43,121.57,25.141,16.0
2017-06-01T05:54:16,120.995,24.78,2.0
2017-06-01T05:53:05,120.675,24.158,15.0
2017-06-01T05:57:26,120.499,24.122,15.0
2017-06-01T05:21:47,121.305,24.951,11.0
2017-06-01T05:57:11,128.752,35.502,38.0
2017-06-01T05:39:14,127.04,37.471,37.0
2017-06-01T05:57:47,128.698,35.205,50.0
2017-06-01T05:57:51,121.567,25.059,12.0
2017-06-01T05:53:12,120.65,24.154,18.0
2017-06-01T05:49:10,120.657,24.141,13.0
2017-06-01T05:53:03,128.686,35.157,48.0
2017-06-01T05:08:01,121.217,24.949,12.0
2017-06-01T05:31:02,120.631,23.832,34.0
2017-06-01T05:56:06,121.81,24.629,28.0
2017-06-01T05:56:59,120.299,23.558,12.0
2017-06-01T05:57:14,121.54,25.029,1.0
2017-06-01T05:47:40,121.12,25.037,17.0
2017-06-01T05:52:41,121.116,24.978,13.0
2017-06-01T05:56:42,121.557,25.043,9.0
2017-06-01T05:56:21,121.143,25.045,14.0
2017-06-01T05:53:12,120.55,24.089,3.0
2017-06-01T05:49:29,121.009,24.948,16.0
2017-06-01T05:59:36,127.752,37.888,74.0
2017-06-01T05:07:46,129.042,35.345,51.0
2017-06-01T05:54:18,121.316,24.982,10.0
2017-06-01T05:54:14,121.058,25.021,23.0
2017-06-01T05:57:04,121.508,25.046,9.0
2017-06-01T05:41:07,121.102,25.013,12.0
2017-06-01T05:56:51,120.372,23.189,10.0
2017-06-01T05:57:39,120.429,24.047,22.0
2017-06-01T05:53:47,121.512,25.115,17.0
2017-06-01T05:49:20,120.711,24.146,27.0
2017-06-01T05:41:50,120.565,23.885,0.0
2017-06-01T05:56:24,128.101,35.173,43.0
2017-06-01T05:55:02,127.973,35.059,49.0
2017-06-01T05:57:53,128.19,34.945,49.0
2017-06-01T05:58:28,120.656,24.018,15.0
2017-06-01T05:55:23,129.067,35.415,49.0
2017-06-01T05:55:27,129.028,35.375,48.0
2017-06-01T05:57:14,121.295,24.89,9.0
2017-06-01T05:41:11,120.33,22.63,7.0
2017-06-01T05:28:59,120.942,24.309,9.0
2017-06-01T05:56:25,121.414,24.979,9.0
2017-06-01T05:55:48,120.468,23.961,9.0
2017-06-01T05:55:51,121.163,24.936,11.0
2017-06-01T05:56:20,121.148,24.922,8.0
2017-06-01T05:46:41,120.251,23.051,16.0
2017-06-01T05:48:41,120.223,23.797,12.0
2017-06-01T05:47:46,121.281,24.855,9.0
2017-06-01T05:53:41,120.275,22.977,9.0
2017-06-01T05:47:34,121.556,24.988,17.0
2017-06-01T05:54:36,101.695,3.047,22.0
2017-06-01T05:59:52,120.497,22.676,3.0
2017-06-01T05:52:50,121.446,25.045,11.0
2017-06-01T05:56:50,121.244,25.103,15.0
2017-06-01T05:54:20,120.698,24.252,25.0
2017-06-01T05:44:19,120.715,24.164,21.0
2017-06-01T05:24:06,121.794,24.627,30.0
2017-06-01T05:59:48,121.499,25.023,12.0
2017-06-01T05:51:44,121.54,25.017,10.0
2017-06-01T05:55:50,129.026,35.304,43.0
2017-06-01T05:09:20,120.996,24.791,10.0
2017-06-01T05:58:23,120.714,24.157,13.0
2017-06-01T05:57:04,120.789,23.763,12.0
2017-06-01T05:56:41,120.664,24.157,0.0
2017-06-01T05:51:58,128.817,35.097,51.0
2017-06-01T05:39:03,121.233,24.953,9.0
2017-06-01T05:49:47,121.03,24.826,12.0
2017-06-01T05:53:45,120.563,22.607,5.0
2017-06-01T05:55:30,120.536,22.543,11.0
2017-06-01T05:56:50,120.202,23.02,3.0
2017-06-01T05:56:01,121.807,24.803,39.0
2017-06-01T05:28:21,120.329,23.29,11.0
2017-06-01T05:34:22,121.732,24.724,21.0
2017-06-01T05:55:41,121.576,25.003,18.0
2017-06-01T05:57:13,121.163,24.956,12.0
2017-06-01T05:54:12,120.674,24.183,17.0
2017-06-01T05:34:42,121.848,24.905,33.0
2017-06-01T05:55:04,120.653,24.118,17.0
2017-06-01T05:56:21,121.845,24.595,36.0
2017-06-01T05:42:15,120.696,24.15,24.0
2017-06-01T05:49:57,121.621,25.039,18.0
2017-06-01T05:52:15,120.639,24.142,13.0
2017-06-01T05:44:34,120.551,24.069,10.0
2017-06-01T05:48:36,121.288,24.879,8.0
2017-06-01T05:53:35,121.793,24.698,33.0
2017-06-01T05:17:52,121.557,25.029,19.0
2017-06-01T05:56:30,120.551,24.069,12.0
2017-06-01T05:52:15,121.443,25.084,26.0
2017-06-01T05:44:38,120.597,24.139,11.0
2017-06-01T05:54:33,121.318,24.981,12.0
2017-06-01T05:46:42,120.613,24.143,17.0
2017-06-01T05:23:16,121.525,25.098,2.0
2017-06-01T05:44:46,120.707,24.303,22.0
2017-06-01T05:56:33,121.571,25.035,16.0
2017-06-01T05:52:31,121.619,25.04,13.0
2017-06-01T05:13:10,120.729,24.313,13.0
2017-06-01T05:53:47,120.735,24.122,14.0
2017-06-01T05:54:38,120.327,22.659,18.0
2017-06-01T05:57:17,129.028,35.375,50.0
2017-06-01T05:44:35,126.716,35.975,34.0
2017-06-01T05:42:38,121.104,24.926,12.0
2017-06-01T05:41:31,126.967,37.217,31.0
2017-06-01T05:38:13,127.795,34.971,55.0
2017-06-01T05:54:32,128.161,35.171,45.0
2017-06-01T05:01:27,120.624,24.355,21.0
2017-06-01T05:57:06,121.521,23.6,24.0
2017-06-01T05:53:25,120.648,24.161,18.0
2017-06-01T05:58:31,121.288,24.881,8.0
2017-06-01T05:54:22,121.229,24.942,10.0
2017-06-01T05:57:38,106.828,-6.138,2.0
2017-06-01T05:48:40,121.366,25.069,11.0
2017-06-01T05:41:33,121.39,25.134,12.0
2017-06-01T05:35:33,120.564,23.994,18.0
2017-06-01T05:48:55,121.57,25.296,19.0
2017-06-01T05:13:04,121.318,24.999,12.0
2017-06-01T05:44:43,121.517,25.001,17.0
2017-06-01T05:55:49,121.538,25.019,10.0
2017-06-01T05:21:58,121.551,25.082,12.0
2017-06-01T05:39:05,128.267,35.32,41.0
2017-06-01T05:01:46,121.249,24.993,14.0
2017-06-01T05:42:31,128.579,35.219,46.0
2017-06-01T05:59:54,128.545,35.237,34.0
2017-06-01T05:46:47,128.693,34.897,36.0
2017-06-01T05:32:23,127.048,37.223,26.0
2017-06-01T05:56:14,127.048,37.223,30.0
2017-06-01T05:49:13,121.844,24.575,28.0
