2017-05-10T07:01:29,120.222,22.982,29.0
2017-05-10T06:59:42,120.709,24.206,7.0
2017-05-10T06:46:48,121.535,25.053,24.0
2017-05-10T06:41:16,120.427,23.487,47.0
2017-05-10T06:53:54,120.641,24.151,34.0
2017-05-10T07:00:03,120.564,24.215,31.0
2017-05-10T06:48:51,120.312,22.66,25.0
2017-05-10T07:00:37,121.513,25.064,22.0
2017-05-10T07:02:52,120.731,24.164,33.0
2017-05-10T06:52:55,106.824,-6.18,39.0
2017-05-10T06:35:07,121.811,24.615,23.0
2017-05-10T06:58:35,121.57,24.99,14.0
2017-05-10T06:21:21,121.55,24.987,17.0
2017-05-10T07:00:01,121.734,25.143,10.0
2017-05-10T07:03:23,121.473,25.03,21.0
2017-05-10T06:48:02,120.595,24.188,36.0
2017-05-10T06:59:30,120.2,23.131,26.0
2017-05-10T06:36:02,121.552,25.056,24.0
2017-05-10T07:03:53,120.642,24.407,36.0
2017-05-10T06:50:18,120.554,24.083,31.0
2017-05-10T07:02:55,120.696,24.173,16.0
2017-05-10T07:02:48,120.273,23.797,34.0
2017-05-10T07:00:32,120.64,24.14,33.0
2017-05-10T06:57:14,121.525,25.034,24.0
2017-05-10T06:57:41,120.418,23.464,13.0
2017-05-10T07:01:18,120.675,24.157,29.0
2017-05-10T06:32:40,120.637,24.165,22.0
2017-05-10T07:02:12,120.3,22.686,29.0
2017-05-10T06:53:49,120.457,23.594,43.0
2017-05-10T06:28:02,120.425,22.58,31.0
2017-05-10T06:52:12,121.546,25.015,14.0
2017-05-10T06:38:00,120.726,24.309,38.0
2017-05-10T06:41:11,121.524,25.024,19.0
2017-05-10T06:46:59,120.666,24.18,28.0
2017-05-10T06:57:08,120.356,22.666,27.0
2017-05-10T06:58:41,121.431,25.015,26.0
2017-05-10T06:49:40,128.608,34.821,16.0
2017-05-10T07:01:38,120.72,24.17,9.0
2017-05-10T06:57:39,121.519,25.115,26.0
2017-05-10T06:22:31,120.682,24.166,31.0
2017-05-10T06:51:42,121.545,25.027,20.0
2017-05-10T06:58:08,120.622,24.113,26.0
2017-05-10T07:01:06,120.419,23.897,32.0
2017-05-10T06:58:25,120.158,22.991,34.0
2017-05-10T07:03:31,120.317,22.61,20.0
2017-05-10T07:03:07,120.332,22.628,14.0
2017-05-10T06:58:22,121.532,25.019,17.0
2017-05-10T06:48:37,120.669,24.176,65.0
2017-05-10T06:52:35,121.602,25.263,10.0
2017-05-10T07:01:55,121.582,25.062,5.0
2017-05-10T07:01:14,120.55,24.089,4.0
2017-05-10T06:44:07,120.631,24.153,39.0
2017-05-10T06:46:47,120.491,24.023,35.0
2017-05-10T06:59:17,121.532,25.022,23.0
2017-05-10T06:58:56,120.582,24.226,31.0
2017-05-10T06:53:12,120.663,24.116,32.0
2017-05-10T07:03:14,120.619,24.19,27.0
2017-05-10T07:01:56,-54.615,-25.415,6.0
2017-05-10T07:02:43,128.692,35.211,13.0
2017-05-10T06:47:32,121.321,25.008,24.0
2017-05-10T06:59:35,128.496,35.543,9.0
2017-05-10T07:01:52,126.969,37.577,35.0
2017-05-10T06:58:16,129.067,35.415,14.0
2017-05-10T06:47:02,128.687,35.234,14.0
2017-05-10T06:23:07,128.69,34.892,35.0
2017-05-10T06:59:10,128.402,35.277,9.0
2017-05-10T06:58:06,128.417,34.876,14.0
2017-05-10T06:56:46,128.124,35.187,7.0
2017-05-10T07:01:27,128.557,35.173,9.0
2017-05-10T06:59:20,128.692,34.864,20.0
2017-05-10T06:47:50,128.545,35.238,17.0
2017-05-10T06:46:59,127.732,35.523,29.0
2017-05-10T07:01:58,121.548,25.038,25.0
2017-05-10T07:03:06,128.121,34.929,11.0
2017-05-10T06:59:00,128.557,35.176,7.0
2017-05-10T06:52:34,128.057,35.169,12.0
2017-05-10T06:24:57,129.074,35.449,12.0
2017-05-10T06:59:52,120.485,23.467,29.0
2017-05-10T07:02:24,121.519,25.012,19.0
2017-05-10T07:01:03,128.68,35.235,10.0
2017-05-10T06:40:22,-57.547,-25.264,2.0
2017-05-10T06:46:59,103.964,1.342,15.0
2017-05-10T06:59:23,128.098,34.942,31.0
2017-05-10T06:43:45,121.615,25.069,16.0
2017-05-10T06:57:42,121.141,24.892,33.0
2017-05-10T06:57:20,103.92,1.306,39.0
2017-05-10T06:50:21,121.202,24.953,28.0
2017-05-10T06:55:00,121.374,25.078,26.0
2017-05-10T06:58:49,121.766,24.728,15.0
2017-05-10T07:01:35,120.661,24.13,11.0
2017-05-10T06:12:55,120.638,24.179,32.0
2017-05-10T06:58:14,121.865,24.582,23.0
2017-05-10T07:03:15,121.743,24.627,18.0
2017-05-10T07:00:06,121.297,25.06,24.0
2017-05-10T07:03:48,121.471,22.673,15.0
2017-05-10T07:00:21,120.614,24.06,32.0
2017-05-10T07:00:27,121.536,25.018,15.0
2017-05-10T06:53:32,127.91,35.687,18.0
2017-05-10T06:54:04,-86.474,39.171,0.0
2017-05-10T06:59:49,120.206,22.987,32.0
2017-05-10T07:00:03,120.614,24.35,31.0
2017-05-10T06:54:04,120.735,24.252,38.0
2017-05-10T06:44:27,120.67,24.119,29.0
2017-05-10T07:00:52,120.345,23.531,34.0
2017-05-10T06:53:39,121.255,24.983,30.0
2017-05-10T06:49:03,121.514,25.024,26.0
2017-05-10T07:04:57,121.498,25.023,22.0
2017-05-10T07:00:46,120.688,24.109,32.0
2017-05-10T07:00:54,121.55,25.002,17.0
2017-05-10T07:03:46,121.613,25.036,16.0
2017-05-10T06:54:27,120.637,24.165,10.0
2017-05-10T07:02:56,118.452,24.461,74.0
2017-05-10T06:54:36,121.297,25.047,26.0
2017-05-10T06:58:47,105.847,21.004,39.0
2017-05-10T07:00:04,120.649,24.143,28.0
2017-05-10T07:03:46,121.832,24.526,11.0
2017-05-10T06:21:44,121.795,24.648,15.0
2017-05-10T06:47:09,120.478,22.674,34.0
2017-05-10T06:58:59,121.404,24.809,28.0
2017-05-10T06:58:50,120.603,24.394,29.0
2017-05-10T06:49:39,120.326,22.621,29.0
2017-05-10T07:01:17,120.694,24.152,41.0
2017-05-10T06:49:33,121.522,25.08,29.0
2017-05-10T07:02:05,121.536,25.11,28.0
2017-05-10T06:59:57,121.443,25.05,14.0
2017-05-10T06:41:48,120.536,23.694,37.0
2017-05-10T06:42:30,121.609,25.056,21.0
2017-05-10T07:03:54,121.507,25.126,33.0
2017-05-10T06:58:00,121.531,25.105,27.0
2017-05-10T06:58:38,120.734,24.12,25.0
2017-05-10T07:02:04,121.451,25.062,30.0
2017-05-10T07:03:22,121.554,25.033,39.0
2017-05-10T06:49:40,120.532,24.085,36.0
2017-05-10T06:59:43,120.577,24.299,35.0
2017-05-10T07:01:43,120.997,24.786,26.0
2017-05-10T06:44:30,120.538,24.086,35.0
2017-05-10T06:57:10,120.722,24.255,34.0
2017-05-10T07:02:30,120.639,24.183,25.0
2017-05-10T07:00:36,120.544,23.704,14.0
2017-05-10T06:56:51,120.657,24.115,33.0
2017-05-10T07:00:08,121.636,25.066,17.0
2017-05-10T07:01:27,120.299,23.571,28.0
2017-05-10T07:01:03,120.485,23.468,44.0
2017-05-10T06:28:19,120.643,24.151,28.0
2017-05-10T07:01:07,121.554,25.058,18.0
2017-05-10T06:59:54,121.482,25.105,27.0
2017-05-10T06:28:33,21.001,52.182,40.0
2017-05-10T07:03:33,120.704,24.308,35.0
2017-05-10T06:50:05,120.341,22.636,30.0
2017-05-10T06:58:09,120.657,24.208,27.0
2017-05-10T07:01:45,120.985,24.776,30.0
2017-05-10T07:02:36,121.139,22.931,12.0
2017-05-10T06:57:01,120.667,24.119,29.0
2017-05-10T07:01:38,120.732,24.135,36.0
2017-05-10T06:58:34,120.612,24.191,32.0
2017-05-10T06:41:34,121.125,24.682,46.0
2017-05-10T06:57:40,121.015,24.784,32.0
2017-05-10T06:56:50,120.708,24.114,49.0
2017-05-10T06:47:37,121.842,24.592,18.0
2017-05-10T06:55:10,127.757,35.318,8.0
2017-05-10T06:52:52,120.723,24.288,28.0
2017-05-10T07:01:50,127.877,34.897,15.0
2017-05-10T07:03:01,121.57,25.141,35.0
2017-05-10T06:31:24,121.551,25.059,28.0
2017-05-10T06:32:18,128.081,35.199,7.0
2017-05-10T06:51:35,121.798,24.661,18.0
2017-05-10T07:03:03,120.87,24.612,32.0
2017-05-10T06:52:29,121.551,25.002,19.0
2017-05-10T06:38:22,120.697,24.057,33.0
2017-05-10T07:02:08,120.638,23.976,34.0
2017-05-10T06:53:39,121.516,25.064,20.0
2017-05-10T07:02:02,128.698,35.205,23.0
2017-05-10T06:47:53,127.783,34.948,9.0
2017-05-10T07:01:22,121.532,25.036,18.0
2017-05-10T06:43:53,121.522,25.112,32.0
2017-05-10T06:59:15,121.585,25.038,21.0
2017-05-10T06:56:51,128.557,35.144,21.0
2017-05-10T06:59:41,127.783,34.948,13.0
2017-05-10T06:58:45,128.121,34.929,18.0
2017-05-10T06:49:44,128.457,35.273,6.0
2017-05-10T06:47:50,121.505,25.138,30.0
2017-05-10T07:01:22,121.451,25.062,19.0
2017-05-10T06:49:46,121.59,25.067,15.0
2017-05-10T06:49:34,121.533,25.058,15.0
2017-05-10T06:59:22,121.543,25.023,15.0
2017-05-10T06:44:09,121.519,25.108,24.0
2017-05-10T07:00:38,121.516,25.056,21.0
2017-05-10T07:00:46,121.551,25.035,15.0
2017-05-10T06:59:58,127.029,37.493,26.0
2017-05-10T07:00:36,121.766,24.655,12.0
2017-05-10T06:52:16,121.57,24.999,16.0
2017-05-10T06:58:07,120.665,24.136,31.0
2017-05-10T06:50:17,121.766,24.663,14.0
2017-05-10T07:03:31,120.631,24.115,28.0
2017-05-10T07:00:03,120.614,24.127,26.0
2017-05-10T06:09:49,120.702,24.188,38.0
2017-05-10T06:58:15,121.451,25.062,33.0
2017-05-10T07:03:39,121.319,24.994,23.0
2017-05-10T07:00:31,120.83,24.505,36.0
2017-05-10T06:41:50,120.538,22.905,37.0
2017-05-10T07:01:36,120.544,23.71,11.0
2017-05-10T06:53:24,120.256,23.026,27.0
2017-05-10T06:50:12,120.477,23.447,44.0
2017-05-10T06:48:07,120.688,24.091,32.0
2017-05-10T06:26:19,120.465,23.451,57.0
2017-05-10T06:42:16,126.78,37.647,25.0
2017-05-10T06:55:04,127.824,34.985,12.0
2017-05-10T06:54:15,121.536,25.073,17.0
2017-05-10T07:00:06,77.259,28.533,65.0
2017-05-10T06:59:20,121.51,25.013,14.0
2017-05-10T06:22:01,120.651,24.149,29.0
2017-05-10T06:53:01,139.903,35.706,5.0
2017-05-10T06:43:57,121.521,25.283,12.0
2017-05-10T07:03:05,120.636,24.166,10.0
2017-05-10T07:00:51,121.37,24.942,25.0
2017-05-10T06:37:36,120.251,23.051,34.0
2017-05-10T06:37:35,121.451,25.1,24.0
2017-05-10T06:50:30,121.853,24.615,19.0
2017-05-10T07:00:27,120.551,24.069,30.0
2017-05-10T07:00:29,128.616,36.82,37.0
2017-05-10T06:59:05,121.517,25.001,18.0
2017-05-10T06:27:15,121.835,24.595,16.0
2017-05-10T06:57:28,120.266,23.089,36.0
2017-05-10T07:01:51,121.193,24.97,29.0
2017-05-10T06:57:55,120.663,24.117,39.0
2017-05-10T06:48:16,121.442,25.19,28.0
2017-05-10T07:03:13,-82.404,29.699,20.0
2017-05-10T06:47:37,120.331,22.724,26.0
2017-05-10T07:01:41,121.409,24.932,18.0
2017-05-10T06:50:23,128.752,35.502,8.0
2017-05-10T07:01:33,127.824,34.985,9.0
2017-05-10T07:00:56,127.955,35.297,9.0
2017-05-10T06:58:40,120.3,22.662,35.0
2017-05-10T06:58:03,120.667,24.13,29.0
2017-05-10T06:31:45,120.481,23.958,25.0
2017-05-10T06:59:24,120.613,24.181,33.0
2017-05-10T07:03:29,120.61,24.184,30.0
2017-05-10T07:01:54,121.579,25.043,22.0
2017-05-10T07:00:16,121.458,25.012,19.0
2017-05-10T06:53:39,120.685,24.196,34.0
2017-05-10T07:00:57,121.771,24.677,15.0
2017-05-10T06:54:43,120.673,24.25,33.0
2017-05-10T07:03:00,120.581,24.088,34.0
2017-05-10T07:00:20,128.689,35.227,12.0
2017-05-10T06:54:39,120.705,24.215,33.0
2017-05-10T07:03:36,120.637,24.156,39.0
2017-05-10T07:02:49,121.516,25.008,12.0
2017-05-10T07:01:51,128.274,36.23,4.0
2017-05-10T07:02:27,121.222,25.085,24.0
2017-05-10T06:32:25,120.656,24.162,19.0
2017-05-10T07:01:51,121.524,25.149,39.0
2017-05-10T07:02:05,120.614,24.19,27.0
2017-05-10T07:01:54,-65.399,-24.788,1.0
2017-05-10T06:53:17,120.67,24.148,29.0
2017-05-10T06:36:59,121.834,24.521,16.0
2017-05-10T07:01:32,120.24,22.984,31.0
2017-05-10T06:58:32,120.222,22.983,5.0
2017-05-10T07:02:46,121.543,25.024,14.0
2017-05-10T07:03:21,121.294,24.873,29.0
2017-05-10T07:03:18,120.325,22.665,27.0
2017-05-10T06:58:14,121.071,14.647,22.0
2017-05-10T06:47:34,120.724,24.134,7.0
2017-05-10T06:50:46,120.648,24.154,33.0
2017-05-10T06:58:05,120.655,24.137,41.0
2017-05-10T06:52:12,121.516,25.035,20.0
2017-05-10T06:58:26,128.688,35.234,16.0
2017-05-10T06:38:09,120.631,24.214,32.0
2017-05-10T06:47:59,120.578,24.174,27.0
2017-05-10T06:59:40,121.528,25.112,20.0
2017-05-10T06:50:00,120.638,24.161,28.0
2017-05-10T07:02:06,121.151,24.911,27.0
2017-05-10T07:03:20,120.453,23.468,44.0
2017-05-10T07:01:23,120.503,24.113,33.0
2017-05-10T07:02:54,121.514,25.105,25.0
2017-05-10T06:47:02,121.538,24.967,18.0
2017-05-10T07:04:58,120.675,24.158,11.0
2017-05-10T06:57:29,129.331,35.625,10.0
2017-05-10T07:03:40,120.221,22.997,29.0
2017-05-10T07:00:31,128.303,35.291,9.0
2017-05-10T06:34:28,128.41,34.948,7.0
2017-05-10T06:51:20,120.451,23.992,43.0
2017-05-10T06:33:35,128.092,35.083,7.0
2017-05-10T06:51:33,120.621,24.107,33.0
2017-05-10T06:59:53,128.715,35.155,32.0
2017-05-10T07:00:40,120.789,23.763,67.0
2017-05-10T06:59:17,120.27,23.322,42.0
2017-05-10T06:33:34,121.576,25.297,12.0
2017-05-10T07:03:33,120.26,23.329,41.0
2017-05-10T06:34:29,120.222,22.996,18.0
2017-05-10T06:41:30,120.755,23.741,26.0
2017-05-10T07:02:03,120.532,23.716,36.0
2017-05-10T07:00:23,120.708,24.308,36.0
2017-05-10T06:40:36,120.202,23.02,25.0
2017-05-10T06:49:11,121.499,25.037,37.0
2017-05-10T07:00:53,121.451,25.062,26.0
2017-05-10T07:02:20,120.62,24.338,32.0
2017-05-10T06:38:25,128.244,35.322,8.0
2017-05-10T06:46:45,120.681,23.76,25.0
2017-05-10T06:38:29,127.153,37.455,44.0
2017-05-10T06:44:17,120.658,24.137,27.0
2017-05-10T06:52:52,120.695,24.164,27.0
2017-05-10T06:59:18,103.896,1.301,31.0
2017-05-10T06:27:47,-71.103,42.344,3.0
2017-05-10T06:52:54,121.446,25.045,20.0
2017-05-10T06:52:20,120.337,22.679,26.0
2017-05-10T07:01:59,121.552,25.013,10.0
2017-05-10T07:00:54,127.1,37.46,35.0
2017-05-10T06:54:42,120.454,23.487,67.0
2017-05-10T07:00:57,121.516,25.061,25.0
2017-05-10T06:48:49,120.547,24.194,31.0
2017-05-10T07:00:25,120.543,23.992,34.0
2017-05-10T07:03:25,121.54,24.989,16.0
2017-05-10T07:00:59,121.576,25.128,36.0
2017-05-10T06:43:41,121.59,25.061,22.0
2017-05-10T06:59:14,121.525,25.034,25.0
2017-05-10T06:50:26,121.492,25.033,21.0
2017-05-10T07:01:04,121.095,24.919,30.0
2017-05-10T06:58:06,120.545,24.064,24.0
2017-05-10T06:47:55,136.619,36.576,7.0
2017-05-10T06:48:15,120.315,22.666,26.0
2017-05-10T06:56:46,121.168,24.886,34.0
2017-05-10T06:51:53,120.715,24.308,40.0
2017-05-10T06:58:47,120.656,24.136,29.0
2017-05-10T06:40:37,121.462,25.133,20.0
2017-05-10T06:43:38,120.635,24.175,28.0
2017-05-10T06:54:01,120.681,24.163,29.0
2017-05-10T06:57:33,121.507,25.046,21.0
2017-05-10T06:52:15,121.712,25.093,17.0
2017-05-10T06:59:41,120.763,24.174,34.0
2017-05-10T06:58:18,120.817,24.543,37.0
2017-05-10T07:01:05,120.285,22.725,30.0
2017-05-10T07:00:26,120.666,24.143,32.0
2017-05-10T06:35:26,120.287,22.632,31.0
2017-05-10T07:01:42,120.592,22.69,38.0
2017-05-10T07:00:33,121.027,24.768,35.0
2017-05-10T07:00:51,120.455,23.495,38.0
2017-05-10T07:02:49,120.696,24.082,33.0
2017-05-10T06:34:03,120.633,24.151,41.0
2017-05-10T06:40:25,120.61,24.187,57.0
2017-05-10T07:00:47,120.655,24.143,38.0
2017-05-10T06:57:23,120.61,24.186,32.0
2017-05-10T06:57:06,121.591,25.078,16.0
2017-05-10T06:50:11,120.546,24.093,0.0
2017-05-10T07:00:17,120.254,23.183,38.0
2017-05-10T06:49:14,121.794,24.627,17.0
2017-05-10T06:58:42,120.655,24.152,27.0
2017-05-10T07:00:42,120.645,24.158,36.0
2017-05-10T07:02:30,120.286,22.663,33.0
2017-05-10T06:53:04,121.537,25.005,13.0
2017-05-10T06:58:32,128.678,35.22,13.0
2017-05-10T06:41:18,121.097,24.973,25.0
2017-05-10T06:57:06,121.451,25.062,2.0
2017-05-10T07:03:27,129.332,35.626,14.0
2017-05-10T07:01:11,121.193,24.97,6.0
2017-05-10T06:46:48,128.163,35.565,9.0
2017-05-10T06:58:45,120.561,24.204,29.0
2017-05-10T07:00:00,120.551,24.071,36.0
2017-05-10T06:59:38,120.598,23.719,61.0
2017-05-10T07:02:18,121.18,24.843,36.0
2017-05-10T06:43:22,128.663,35.244,9.0
2017-05-10T07:01:00,121.486,25.07,24.0
2017-05-10T06:38:39,121.542,25.015,17.0
2017-05-10T06:40:35,120.996,24.795,25.0
2017-05-10T06:58:10,6.453,51.15,31.0
2017-05-10T07:01:56,121.493,25.031,26.0
2017-05-10T07:02:26,121.51,25.061,21.0
2017-05-10T07:03:24,121.572,25.083,25.0
2017-05-10T07:03:24,120.696,24.15,36.0
2017-05-10T07:02:45,127.067,37.195,26.0
2017-05-10T07:01:34,120.602,24.184,34.0
2017-05-10T07:03:14,54.317,24.475,17.0
2017-05-10T07:00:35,120.635,24.136,28.0
2017-05-10T07:02:59,121.524,25.072,17.0
2017-05-10T07:03:35,128.596,35.247,8.0
2017-05-10T06:57:44,121.621,25.039,22.0
2017-05-10T06:51:19,120.551,24.069,29.0
2017-05-10T06:53:43,103.817,1.28,24.0
2017-05-10T06:54:21,128.083,34.93,10.0
2017-05-10T06:57:13,128.755,35.247,17.0
2017-05-10T06:58:21,127.002,37.59,292.0
2017-05-10T06:49:14,128.866,35.189,24.0
2017-05-10T07:02:16,120.49,22.663,28.0
2017-05-10T07:00:22,128.557,35.146,11.0
2017-05-10T06:56:44,127.795,34.971,10.0
2017-05-10T07:02:09,120.3,22.669,31.0
2017-05-10T06:59:16,128.457,35.273,15.0
2017-05-10T06:59:13,120.631,24.123,29.0
2017-05-10T06:57:21,120.512,24.126,35.0
2017-05-10T07:00:54,121.503,25.089,26.0
2017-05-10T07:03:40,121.392,24.961,20.0
2017-05-10T06:59:33,121.53,25.098,28.0
2017-05-10T07:03:51,120.321,22.648,1.0
2017-05-10T06:59:42,121.576,25.06,10.0
2017-05-10T06:37:36,120.406,22.539,34.0
2017-05-10T06:41:00,120.431,23.471,51.0
2017-05-10T06:52:51,121.773,25.136,13.0
2017-05-10T07:01:26,120.968,24.767,26.0
2017-05-10T07:00:58,121.541,25.015,14.0
2017-05-10T06:44:08,121.786,24.637,15.0
2017-05-10T07:01:11,121.796,24.624,17.0
2017-05-10T06:32:47,121.52,25.04,19.0
2017-05-10T06:47:55,120.226,22.996,32.0
2017-05-10T06:50:56,120.539,24.06,28.0
2017-05-10T06:23:45,121.799,24.638,18.0
2017-05-10T07:02:09,121.496,25.134,33.0
2017-05-10T06:43:47,120.725,24.145,32.0
2017-05-10T06:54:54,120.217,23.046,36.0
2017-05-10T07:03:55,128.057,35.169,9.0
2017-05-10T06:49:28,120.614,24.179,44.0
2017-05-10T06:57:57,120.669,23.933,38.0
2017-05-10T06:58:38,120.529,23.692,40.0
2017-05-10T06:57:50,120.79,23.827,42.0
2017-05-10T07:03:26,121.005,24.828,26.0
2017-05-10T06:58:54,120.198,22.992,35.0
2017-05-10T06:57:02,121.056,24.755,34.0
2017-05-10T07:00:34,121.523,25.058,16.0
2017-05-10T06:37:13,121.214,22.879,14.0
2017-05-10T06:53:04,120.255,23.037,33.0
2017-05-10T07:01:21,120.637,24.165,15.0
2017-05-10T07:01:39,120.287,22.632,18.0
2017-05-10T07:02:55,121.192,24.97,27.0
2017-05-10T06:58:15,120.652,24.131,34.0
2017-05-10T06:58:19,121.028,22.702,13.0
2017-05-10T07:03:36,120.422,24.028,39.0
2017-05-10T06:59:57,106.828,-6.138,9.0
2017-05-10T07:02:32,120.566,24.266,32.0
2017-05-10T06:48:25,120.72,24.302,41.0
2017-05-10T06:53:33,121.54,25.017,12.0
2017-05-10T07:00:50,120.701,24.067,32.0
2017-05-10T06:58:08,121.833,24.62,17.0
2017-05-10T06:59:37,121.792,24.63,15.0
2017-05-10T06:52:51,121.498,25.026,22.0
2017-05-10T06:58:15,120.231,22.963,28.0
2017-05-10T06:51:21,120.465,23.792,28.0
2017-05-10T06:50:35,120.546,23.717,44.0
2017-05-10T06:54:23,120.636,24.165,6.0
2017-05-10T06:54:22,121.618,25.003,18.0
2017-05-10T07:03:07,121.614,25.04,16.0
2017-05-10T07:03:51,120.301,22.688,12.0
2017-05-10T06:57:14,127.057,36.776,33.0
2017-05-10T07:01:49,120.652,24.173,31.0
2017-05-10T06:59:06,121.499,25.037,37.0
2017-05-10T06:53:35,121.538,25.017,25.0
2017-05-10T06:51:54,126.967,37.217,16.0
2017-05-10T06:53:46,121.562,25.058,28.0
2017-05-10T06:52:27,120.324,22.652,30.0
2017-05-10T06:48:01,128.53,34.918,15.0
2017-05-10T06:54:32,120.743,24.263,30.0
2017-05-10T06:54:54,120.429,24.047,31.0
2017-05-10T06:51:40,120.613,24.184,36.0
2017-05-10T06:59:11,121.414,24.979,16.0
2017-05-10T07:02:43,120.568,24.156,29.0
2017-05-10T06:59:54,120.533,24.063,31.0
2017-05-10T06:59:05,120.547,24.084,36.0
2017-05-10T06:58:49,129.026,35.304,19.0
2017-05-10T07:02:37,128.817,35.097,30.0
2017-05-10T06:59:00,120.443,23.483,42.0
2017-05-10T06:59:48,128.267,35.32,10.0
2017-05-10T07:01:46,128.918,35.231,31.0
2017-05-10T06:48:36,121.571,25.08,25.0
2017-05-10T06:50:53,107.608,-6.886,28.0
2017-05-10T06:59:13,121.582,25.062,0.0
2017-05-10T07:03:16,128.114,35.205,10.0
2017-05-10T07:02:14,121.553,25.054,19.0
2017-05-10T06:48:35,120.714,24.225,500.0
2017-05-10T07:02:47,120.723,24.162,35.0
2017-05-10T06:23:00,126.91,37.55,35.0
2017-05-10T06:24:12,120.362,23.879,37.0
2017-05-10T06:57:44,128.805,35.201,22.0
2017-05-10T06:50:27,120.651,24.216,31.0
2017-05-10T07:02:00,103.869,1.322,22.0
2017-05-10T07:00:30,120.558,24.085,37.0
2017-05-10T06:59:33,120.325,22.638,10.0
2017-05-10T07:00:09,120.552,24.05,21.0
2017-05-10T07:03:41,121.541,25.063,23.0
2017-05-10T06:59:51,120.568,23.963,33.0
2017-05-10T06:52:09,120.695,24.018,35.0
2017-05-10T06:46:48,121.562,25.056,21.0
2017-05-10T06:50:49,128.598,35.254,16.0
2017-05-10T06:43:34,128.643,35.25,15.0
2017-05-10T07:01:10,121.563,25.031,14.0
2017-05-10T07:03:45,120.316,23.319,25.0
2017-05-10T07:02:47,121.55,25.081,18.0
2017-05-10T06:54:23,121.293,25.017,28.0
2017-05-10T07:01:16,121.5,25.036,100.0
2017-05-10T07:02:31,121.458,25.012,19.0
2017-05-10T07:02:47,120.547,22.653,31.0
2017-05-10T07:02:26,120.636,24.166,8.0
2017-05-10T06:48:20,121.611,25.067,22.0
2017-05-10T07:01:33,121.549,25.078,19.0
2017-05-10T07:03:43,121.128,22.903,11.0
2017-05-10T06:26:24,120.196,23.015,6.0
2017-05-10T07:01:15,120.717,24.197,35.0
2017-05-10T07:01:07,121.389,25.041,26.0
2017-05-10T06:57:58,128.69,34.892,27.0
2017-05-10T06:42:37,120.667,24.112,26.0
2017-05-10T07:02:00,121.557,24.989,17.0
2017-05-10T06:55:14,120.669,24.158,27.0
2017-05-10T06:41:18,120.32,22.622,29.0
2017-05-10T07:00:39,120.587,23.852,35.0
2017-05-10T06:58:00,120.745,24.354,28.0
2017-05-10T06:52:09,120.639,24.141,10.0
2017-05-10T06:59:14,120.617,24.175,46.0
2017-05-10T06:54:11,130.423,33.588,9.0
2017-05-10T06:57:11,121.556,25.028,24.0
2017-05-10T06:54:46,120.463,23.482,44.0
2017-05-10T06:33:39,121.527,25.048,19.0
2017-05-10T07:01:54,120.202,22.984,30.0
2017-05-10T06:59:04,120.3,22.804,30.0
2017-05-10T06:58:30,120.675,24.136,9.0
2017-05-10T06:50:04,121.688,24.679,15.0
2017-05-10T07:00:33,121.537,25.015,15.0
2017-05-10T06:59:44,121.291,25.019,26.0
2017-05-10T06:58:54,120.739,24.252,32.0
2017-05-10T06:46:32,120.699,24.105,29.0
2017-05-10T06:59:15,120.667,24.169,29.0
2017-05-10T07:02:56,120.462,23.547,42.0
2017-05-10T07:01:47,120.345,23.531,37.0
2017-05-10T06:54:23,126.894,37.483,33.0
2017-05-10T06:46:35,120.79,21.949,11.0
2017-05-10T06:58:06,121.524,25.025,0.0
2017-05-10T06:58:52,121.438,23.63,20.0
2017-05-10T06:28:16,120.303,23.578,40.0
2017-05-10T06:26:22,120.645,24.135,26.0
2017-05-10T07:01:17,121.551,25.082,22.0
2017-05-10T06:49:25,120.522,24.119,30.0
2017-05-10T07:02:14,121.835,24.596,26.0
2017-05-10T06:32:13,121.777,24.648,18.0
2017-05-10T06:53:15,120.713,24.305,38.0
2017-05-10T06:58:51,120.56,24.195,27.0
2017-05-10T06:59:46,120.966,23.962,33.0
2017-05-10T06:58:42,121.502,25.131,26.0
2017-05-10T06:58:46,120.44,23.474,12.0
2017-05-10T06:51:07,120.54,23.702,44.0
2017-05-10T06:50:17,120.573,24.165,34.0
2017-05-10T07:02:53,120.643,24.133,30.0
2017-05-10T07:01:24,120.662,24.198,33.0
2017-05-10T07:02:42,120.601,24.179,30.0
2017-05-10T06:53:27,120.715,24.14,30.0
2017-05-10T07:01:48,120.637,24.148,31.0
2017-05-10T06:40:54,129.06,35.416,20.0
2017-05-10T06:49:34,128.402,35.278,7.0
2017-05-10T06:50:44,127.847,35.736,18.0
2017-05-10T06:44:37,120.673,24.03,29.0
2017-05-10T07:03:30,121.586,25.078,27.0
2017-05-10T07:00:08,120.353,22.636,26.0
2017-05-10T06:49:31,121.496,25.073,22.0
2017-05-10T06:44:45,120.638,24.147,35.0
2017-05-10T06:43:31,120.453,23.53,42.0
2017-05-10T06:39:03,-71.103,42.344,1.0
2017-05-10T07:00:43,120.693,23.862,42.0
2017-05-10T07:02:46,121.364,25.071,27.0
2017-05-10T06:40:19,127.067,37.195,39.0
2017-05-10T06:55:13,121.57,25.141,35.0
2017-05-10T07:00:10,120.995,24.78,10.0
2017-05-10T06:31:54,120.499,24.122,34.0
2017-05-10T07:00:55,121.006,24.75,29.0
2017-05-10T06:43:08,128.752,35.502,15.0
2017-05-10T06:44:15,127.955,35.297,10.0
2017-05-10T07:03:38,128.698,35.205,14.0
2017-05-10T06:38:32,121.567,25.059,20.0
2017-05-10T06:36:54,120.65,24.154,31.0
2017-05-10T06:58:54,121.582,25.062,10.0
2017-05-10T06:48:49,120.657,24.141,27.0
2017-05-10T06:51:00,128.686,35.157,30.0
2017-05-10T07:00:56,120.631,23.832,48.0
2017-05-10T06:36:01,121.81,24.629,18.0
2017-05-10T07:02:44,120.299,23.558,31.0
2017-05-10T06:54:14,121.54,25.029,0.0
2017-05-10T06:58:39,121.538,25.014,11.0
2017-05-10T06:56:53,121.143,25.045,22.0
2017-05-10T06:38:15,120.355,22.972,32.0
2017-05-10T06:53:17,121.009,24.948,26.0
2017-05-10T06:50:50,127.752,37.888,13.0
2017-05-10T06:58:22,129.042,35.345,19.0
2017-05-10T07:00:05,121.508,25.046,20.0
2017-05-10T06:46:49,120.372,23.189,39.0
2017-05-10T07:02:07,120.468,23.553,35.0
2017-05-10T06:56:54,121.512,25.115,27.0
2017-05-10T06:44:58,120.711,24.146,34.0
2017-05-10T06:18:40,128.101,35.173,12.0
2017-05-10T07:00:33,127.973,35.059,10.0
2017-05-10T06:31:49,128.19,34.945,9.0
2017-05-10T06:43:30,120.656,24.018,31.0
2017-05-10T07:00:11,129.067,35.415,18.0
2017-05-10T06:59:27,129.028,35.375,18.0
2017-05-10T06:53:36,129.075,35.449,17.0
2017-05-10T07:03:14,120.33,22.63,33.0
2017-05-10T07:00:22,120.942,24.309,27.0
2017-05-10T07:01:19,126.716,35.975,13.0
2017-05-10T07:00:11,120.468,23.961,30.0
2017-05-10T06:58:04,120.674,24.151,33.0
2017-05-10T07:03:06,121.148,24.922,25.0
2017-05-10T06:58:28,121.451,25.062,26.0
2017-05-10T06:57:22,120.223,23.797,33.0
2017-05-10T07:01:50,120.275,22.977,30.0
2017-05-10T06:43:48,121.556,24.988,19.0
2017-05-10T06:54:30,101.695,3.047,15.0
2017-05-10T06:58:17,120.497,22.676,33.0
2017-05-10T06:53:25,120.73,24.265,38.0
2017-05-10T06:55:18,121.548,25.049,25.0
2017-05-10T06:56:51,121.244,25.103,23.0
2017-05-10T07:03:19,120.644,24.151,37.0
2017-05-10T06:53:13,120.715,24.164,32.0
2017-05-10T06:53:10,120.314,22.678,30.0
2017-05-10T06:47:48,121.499,25.023,18.0
2017-05-10T07:03:07,120.657,24.153,26.0
2017-05-10T06:53:01,121.187,24.967,27.0
2017-05-10T06:43:53,121.54,25.017,19.0
2017-05-10T07:03:21,121.57,25.047,23.0
2017-05-10T07:03:35,120.996,24.791,28.0
2017-05-10T06:44:39,120.204,23.011,33.0
2017-05-10T06:50:21,120.714,24.157,30.0
2017-05-10T06:59:39,120.797,24.24,38.0
2017-05-10T06:58:34,120.664,24.157,29.0
2017-05-10T06:53:08,121.233,24.953,26.0
2017-05-10T07:00:05,121.03,24.826,37.0
2017-05-10T07:03:47,120.563,22.607,33.0
2017-05-10T07:02:13,121.54,25.03,18.0
2017-05-10T06:58:16,121.807,24.803,8.0
2017-05-10T07:00:57,120.329,23.29,36.0
2017-05-10T07:03:28,121.732,24.724,12.0
2017-05-10T06:52:23,121.576,25.003,15.0
2017-05-10T06:56:54,121.783,24.8,10.0
2017-05-10T06:59:12,120.674,24.183,29.0
2017-05-10T07:00:46,120.648,24.141,37.0
2017-05-10T06:59:25,121.848,24.905,11.0
2017-05-10T07:03:03,120.653,24.118,28.0
2017-05-10T06:54:06,121.845,24.595,20.0
2017-05-10T06:52:00,121.529,25.029,23.0
2017-05-10T06:50:06,120.202,22.984,29.0
2017-05-10T06:55:11,121.621,25.039,22.0
2017-05-10T06:38:24,120.639,24.142,29.0
2017-05-10T06:53:05,121.548,25.021,19.0
2017-05-10T07:02:33,121.793,24.698,15.0
2017-05-10T07:04:58,121.557,25.029,14.0
2017-05-10T06:59:33,121.62,25.037,16.0
2017-05-10T06:58:26,121.443,25.084,14.0
2017-05-10T07:02:17,120.597,24.139,29.0
2017-05-10T06:58:41,121.318,24.981,26.0
2017-05-10T07:01:59,120.613,24.143,26.0
2017-05-10T07:01:28,127.748,35.066,14.0
2017-05-10T07:00:44,120.707,24.303,33.0
2017-05-10T07:02:53,121.571,25.035,22.0
2017-05-10T06:59:23,121.619,25.04,24.0
2017-05-10T06:58:48,120.729,24.313,32.0
2017-05-10T06:50:12,120.735,24.122,37.0
2017-05-10T06:50:26,120.327,22.659,29.0
2017-05-10T06:59:51,129.028,35.375,18.0
2017-05-10T06:59:03,126.716,35.975,10.0
2017-05-10T06:49:51,128.579,35.219,10.0
2017-05-10T06:54:16,127.795,34.971,11.0
2017-05-10T06:47:06,128.161,35.171,12.0
2017-05-10T07:03:46,120.624,24.355,31.0
2017-05-10T06:33:36,121.521,23.6,20.0
2017-05-10T07:02:12,120.648,24.161,30.0
2017-05-10T06:34:44,120.719,24.314,37.0
2017-05-10T06:25:03,128.568,35.221,14.0
2017-05-10T07:00:26,120.644,24.131,32.0
2017-05-10T06:59:28,121.366,25.069,21.0
2017-05-10T07:03:50,121.39,25.134,29.0
2017-05-10T06:59:40,120.564,23.994,43.0
2017-05-10T07:01:13,121.57,25.296,12.0
2017-05-10T07:00:59,128.114,35.206,6.0
2017-05-10T06:54:20,121.538,25.019,13.0
2017-05-10T06:58:44,128.579,35.219,17.0
2017-05-10T06:32:19,128.545,35.237,11.0
2017-05-10T06:49:30,128.693,34.897,21.0
2017-05-10T07:02:12,127.048,37.223,4.0
2017-05-10T06:50:15,127.048,37.223,38.0
2017-05-10T06:54:32,121.844,24.575,20.0
