2017-06-01T06:15:35,120.222,22.982,4.0
2017-06-01T05:49:57,121.535,25.053,15.0
2017-06-01T05:59:49,120.427,23.487,12.0
2017-06-01T06:27:59,120.641,24.151,27.0
2017-06-01T06:07:27,120.564,24.215,13.0
2017-06-01T05:59:59,120.312,22.66,4.0
2017-06-01T05:55:53,120.216,23.011,4.0
2017-06-01T06:07:16,120.356,22.666,21.0
2017-06-01T06:20:17,120.731,24.164,13.0
2017-06-01T06:00:52,121.552,25.035,13.0
2017-06-01T06:14:07,121.513,25.053,13.0
2017-06-01T06:12:39,121.57,24.99,10.0
2017-06-01T05:55:52,121.734,25.143,31.0
2017-06-01T06:18:00,121.473,25.03,10.0
2017-06-01T06:21:55,120.595,24.188,9.0
2017-06-01T06:16:28,120.2,23.131,5.0
2017-06-01T05:49:44,121.443,25.05,7.0
2017-06-01T05:32:17,121.149,24.896,10.0
2017-06-01T06:23:54,120.642,24.407,17.0
2017-06-01T06:28:54,120.538,24.086,10.0
2017-06-01T06:29:35,121.214,24.94,8.0
2017-06-01T05:55:43,120.696,24.173,8.0
2017-06-01T06:23:41,120.345,23.531,10.0
2017-06-01T06:07:03,121.613,25.036,9.0
2017-06-01T06:14:06,121.525,25.034,9.0
2017-06-01T06:29:02,120.418,23.464,5.0
2017-06-01T06:20:51,120.675,24.157,22.0
2017-06-01T06:23:15,120.637,24.165,9.0
2017-06-01T06:26:41,120.3,22.686,3.0
2017-06-01T06:22:48,120.457,23.594,11.0
2017-06-01T06:26:48,121.54,25.029,2.0
2017-06-01T06:24:39,121.209,24.949,12.0
2017-06-01T06:08:54,121.546,25.015,9.0
2017-06-01T06:07:41,121.524,25.024,8.0
2017-06-01T06:26:35,120.666,24.18,14.0
2017-06-01T06:17:34,120.731,24.16,7.0
2017-06-01T06:27:10,121.513,25.064,12.0
2017-06-01T05:55:59,120.735,24.159,15.0
2017-06-01T06:27:09,121.431,25.015,12.0
2017-06-01T06:28:01,121.616,25.057,6.0
2017-06-01T06:27:03,120.507,22.68,6.0
2017-06-01T06:07:21,120.72,24.17,4.0
2017-06-01T06:29:25,121.747,24.751,32.0
2017-06-01T06:24:43,121.519,25.115,17.0
2017-06-01T05:57:02,120.682,24.166,14.0
2017-06-01T06:28:29,121.545,25.027,10.0
2017-06-01T06:12:06,120.622,24.113,16.0
2017-06-01T06:28:30,120.419,23.897,13.0
2017-06-01T06:11:19,120.325,22.665,12.0
2017-06-01T05:56:09,120.317,22.61,3.0
2017-06-01T06:25:02,120.332,22.628,5.0
2017-06-01T06:06:14,121.554,25.033,23.0
2017-06-01T05:39:02,121.471,22.673,9.0
2017-06-01T05:38:42,121.081,25.037,19.0
2017-06-01T06:23:12,120.532,24.085,10.0
2017-06-01T06:07:30,121.145,24.964,12.0
2017-06-01T06:24:07,121.215,24.941,13.0
2017-06-01T05:59:47,121.602,25.263,11.0
2017-06-01T06:07:37,121.582,25.062,2.0
2017-06-01T06:20:19,127.91,35.687,22.0
2017-06-01T06:27:51,120.631,24.153,16.0
2017-06-01T06:18:22,120.697,24.057,15.0
2017-06-01T06:21:21,121.551,25.079,12.0
2017-06-01T06:02:54,121.221,24.964,10.0
2017-06-01T06:06:17,120.582,24.226,15.0
2017-06-01T06:24:00,120.663,24.116,22.0
2017-06-01T05:44:08,120.6,15.167,45.0
2017-06-01T06:16:23,120.639,24.183,29.0
2017-06-01T05:49:28,121.282,24.945,11.0
2017-06-01T05:55:42,126.969,37.577,32.0
2017-06-01T06:24:07,129.067,35.415,39.0
2017-06-01T05:56:11,128.687,35.234,45.0
2017-06-01T05:56:14,128.69,34.892,59.0
2017-06-01T06:24:30,128.402,35.277,45.0
2017-06-01T06:28:12,128.417,34.876,50.0
2017-06-01T06:11:22,128.124,35.187,45.0
2017-06-01T06:24:54,128.557,35.173,47.0
2017-06-01T06:22:22,121.357,24.988,11.0
2017-06-01T06:01:10,128.545,35.238,43.0
2017-06-01T06:28:26,121.301,24.88,12.0
2017-06-01T06:18:41,126.903,37.533,23.0
2017-06-01T06:29:13,128.121,34.929,44.0
2017-06-01T06:28:56,128.557,35.176,46.0
2017-06-01T06:27:59,129.074,35.449,45.0
2017-06-01T06:24:58,120.485,23.467,6.0
2017-06-01T06:24:52,121.283,24.988,9.0
2017-06-01T06:11:21,121.519,25.012,12.0
2017-06-01T06:28:56,121.194,24.968,16.0
2017-06-01T06:07:40,128.68,35.235,41.0
2017-06-01T05:37:54,128.098,34.942,80.0
2017-06-01T05:38:44,128.663,35.244,43.0
2017-06-01T06:26:47,121.141,24.892,14.0
2017-06-01T06:10:26,121.231,24.95,10.0
2017-06-01T06:28:31,121.743,24.627,31.0
2017-06-01T06:20:46,121.308,25.02,13.0
2017-06-01T06:14:11,121.202,24.953,11.0
2017-06-01T06:07:19,120.345,23.531,9.0
2017-06-01T06:26:58,121.768,24.662,25.0
2017-06-01T05:49:47,121.766,24.728,31.0
2017-06-01T06:29:14,120.661,24.13,10.0
2017-06-01T05:56:28,120.638,24.179,17.0
2017-06-01T06:22:57,121.865,24.582,35.0
2017-06-01T06:12:29,121.834,24.521,26.0
2017-06-01T06:07:25,121.297,25.06,20.0
2017-06-01T06:27:29,121.55,25.081,13.0
2017-06-01T06:07:18,121.17,24.91,9.0
2017-06-01T06:29:04,121.536,25.018,10.0
2017-06-01T06:11:59,121.777,24.648,25.0
2017-06-01T06:28:54,120.614,24.35,15.0
2017-06-01T06:26:49,120.735,24.252,29.0
2017-06-01T06:24:44,120.67,24.119,19.0
2017-06-01T06:27:07,121.498,25.023,10.0
2017-06-01T06:24:17,120.64,24.14,28.0
2017-06-01T06:06:58,121.149,24.91,10.0
2017-06-01T06:29:37,121.137,24.918,19.0
2017-06-01T06:23:57,121.458,25.012,7.0
2017-06-01T06:24:18,118.452,24.461,19.0
2017-06-01T05:51:38,121.297,25.047,17.0
2017-06-01T05:44:14,105.847,21.004,24.0
2017-06-01T06:23:18,120.649,24.143,15.0
2017-06-01T06:29:35,121.832,24.526,29.0
2017-06-01T06:07:23,121.795,24.648,30.0
2017-06-01T06:23:51,120.478,22.674,3.0
2017-06-01T06:27:02,121.404,24.809,9.0
2017-06-01T06:17:03,120.603,24.394,13.0
2017-06-01T06:24:56,120.326,22.621,14.0
2017-06-01T06:24:48,121.844,24.575,28.0
2017-06-01T06:29:39,121.522,25.08,17.0
2017-06-01T05:44:16,120.648,24.154,18.0
2017-06-01T06:15:54,121.552,25.056,11.0
2017-06-01T06:01:36,120.536,23.694,8.0
2017-06-01T06:27:01,120.649,24.178,11.0
2017-06-01T06:26:20,121.609,25.056,10.0
2017-06-01T06:00:30,121.507,25.126,18.0
2017-06-01T06:04:52,121.513,25.053,12.0
2017-06-01T06:26:42,121.531,25.105,18.0
2017-06-01T06:24:58,120.734,24.12,14.0
2017-06-01T06:27:13,121.451,25.062,21.0
2017-06-01T05:59:58,103.817,1.28,14.0
2017-06-01T06:28:19,129.075,35.449,48.0
2017-06-01T06:26:45,120.577,24.299,17.0
2017-06-01T05:52:35,121.306,25.082,14.0
2017-06-01T06:17:22,120.997,24.786,10.0
2017-06-01T06:21:08,120.491,24.023,16.0
2017-06-01T06:03:13,121.532,25.022,10.0
2017-06-01T06:29:03,120.612,24.055,24.0
2017-06-01T05:55:59,120.544,23.704,10.0
2017-06-01T06:09:50,121.507,25.084,9.0
2017-06-01T05:38:53,121.636,25.066,12.0
2017-06-01T06:20:16,120.299,23.571,1.0
2017-06-01T06:02:56,120.485,23.468,9.0
2017-06-01T06:18:12,120.643,24.151,15.0
2017-06-01T06:24:42,121.554,25.058,10.0
2017-06-01T06:24:24,121.582,25.062,3.0
2017-06-01T06:23:25,121.128,25.062,26.0
2017-06-01T06:28:37,121.482,25.105,16.0
2017-06-01T06:11:47,21.001,52.182,9.0
2017-06-01T06:20:49,120.704,24.308,19.0
2017-06-01T06:24:15,120.341,22.636,12.0
2017-06-01T05:56:27,120.657,24.208,17.0
2017-06-01T06:22:25,121.128,22.903,17.0
2017-06-01T06:29:37,121.139,22.931,11.0
2017-06-01T06:26:29,120.667,24.119,17.0
2017-06-01T06:09:56,120.732,24.135,18.0
2017-06-01T06:08:57,120.612,24.191,15.0
2017-06-01T05:49:33,121.097,24.992,16.0
2017-06-01T06:14:07,121.014,24.784,12.0
2017-06-01T06:01:30,121.141,24.963,12.0
2017-06-01T05:56:35,121.842,24.592,30.0
2017-06-01T05:35:45,121.016,24.862,11.0
2017-06-01T06:17:10,120.723,24.288,12.0
2017-06-01T06:03:33,127.877,34.897,48.0
2017-06-01T06:07:16,121.22,24.87,7.0
2017-06-01T06:27:38,127.029,37.493,15.0
2017-06-01T06:16:37,121.551,25.059,13.0
2017-06-01T06:27:54,128.081,35.199,49.0
2017-06-01T06:05:29,121.798,24.661,32.0
2017-06-01T06:29:05,120.87,24.612,10.0
2017-06-01T06:29:04,120.532,23.716,9.0
2017-06-01T06:01:05,121.264,25.008,12.0
2017-06-01T06:29:21,120.638,23.976,12.0
2017-06-01T06:21:17,121.216,24.864,5.0
2017-06-01T06:04:53,121.516,25.064,11.0
2017-06-01T06:12:36,128.698,35.205,45.0
2017-06-01T06:12:40,127.783,34.948,53.0
2017-06-01T06:28:36,126.967,37.218,21.0
2017-06-01T06:18:20,121.532,25.036,9.0
2017-06-01T06:26:58,121.585,25.038,11.0
2017-06-01T06:24:49,128.557,35.144,51.0
2017-06-01T06:28:34,127.783,34.948,53.0
2017-06-01T05:55:09,128.121,34.929,49.0
2017-06-01T06:16:05,128.457,35.273,42.0
2017-06-01T06:28:34,121.144,24.905,16.0
2017-06-01T06:23:16,121.59,25.067,9.0
2017-06-01T06:22:20,121.533,25.058,9.0
2017-06-01T06:06:54,121.106,24.972,13.0
2017-06-01T06:21:27,121.543,25.023,9.0
2017-06-01T05:32:38,121.519,25.108,14.0
2017-06-01T06:14:54,120.648,24.141,15.0
2017-06-01T06:28:44,121.083,25.028,18.0
2017-06-01T06:07:29,121.551,25.035,9.0
2017-06-01T06:22:00,121.3,25.05,18.0
2017-06-01T06:15:24,121.387,25.04,15.0
2017-06-01T06:03:42,121.724,24.67,25.0
2017-06-01T06:29:01,121.382,25.052,15.0
2017-06-01T06:23:51,121.766,24.655,22.0
2017-06-01T06:21:32,120.473,23.787,12.0
2017-06-01T06:15:09,120.665,24.136,16.0
2017-06-01T05:43:48,121.529,25.02,11.0
2017-06-01T06:28:09,121.766,24.663,24.0
2017-06-01T06:28:28,120.614,24.127,15.0
2017-06-01T06:17:55,121.026,24.974,16.0
2017-06-01T06:28:00,120.702,24.188,17.0
2017-06-01T06:27:54,121.451,25.062,14.0
2017-06-01T06:29:35,121.319,24.994,11.0
2017-06-01T06:14:15,120.448,23.475,7.0
2017-06-01T06:04:19,120.544,23.71,6.0
2017-06-01T05:44:29,121.184,24.912,10.0
2017-06-01T06:27:59,120.477,23.447,11.0
2017-06-01T06:18:44,120.688,24.091,21.0
2017-06-01T06:24:08,128.693,34.897,45.0
2017-06-01T06:18:31,126.78,37.647,30.0
2017-06-01T06:18:04,127.824,34.985,44.0
2017-06-01T05:56:16,128.057,35.169,47.0
2017-06-01T06:07:07,77.259,28.533,97.0
2017-06-01T06:27:43,121.51,25.013,9.0
2017-06-01T06:24:10,120.651,24.149,12.0
2017-06-01T05:47:21,121.792,24.63,28.0
2017-06-01T06:17:29,120.636,24.166,5.0
2017-06-01T06:17:01,121.37,24.942,10.0
2017-06-01T06:26:51,121.451,25.1,15.0
2017-06-01T05:53:24,121.582,25.062,2.0
2017-06-01T05:44:11,121.853,24.615,36.0
2017-06-01T06:24:03,129.331,35.625,59.0
2017-06-01T06:22:18,121.149,24.91,12.0
2017-06-01T06:28:33,103.869,1.322,21.0
2017-06-01T05:56:25,128.457,35.273,44.0
2017-06-01T05:55:58,128.616,36.82,40.0
2017-06-01T06:27:50,121.303,24.967,11.0
2017-06-01T06:24:38,128.598,35.254,50.0
2017-06-01T05:56:22,121.835,24.595,28.0
2017-06-01T05:55:22,120.694,24.18,15.0
2017-06-01T06:22:16,120.541,24.069,6.0
2017-06-01T06:28:25,120.266,23.089,10.0
2017-06-01T05:48:46,121.515,24.966,12.0
2017-06-01T06:18:42,121.238,24.956,10.0
2017-06-01T05:49:49,120.663,24.117,22.0
2017-06-01T06:24:37,121.249,24.918,9.0
2017-06-01T06:22:43,121.549,25.053,35.0
2017-06-01T06:14:52,121.252,24.913,8.0
2017-06-01T05:55:43,121.204,25.072,14.0
2017-06-01T06:24:53,121.056,24.755,8.0
2017-06-01T06:21:26,120.331,22.724,14.0
2017-06-01T05:52:01,121.409,24.932,11.0
2017-06-01T06:23:42,128.752,35.502,42.0
2017-06-01T06:06:55,127.824,34.985,49.0
2017-06-01T06:14:01,121.262,24.967,11.0
2017-06-01T06:14:29,127.955,35.297,42.0
2017-06-01T06:16:47,121.398,24.686,7.0
2017-06-01T06:28:31,120.3,22.662,12.0
2017-06-01T06:15:25,120.667,24.13,18.0
2017-06-01T06:22:04,120.481,23.958,10.0
2017-06-01T06:18:25,120.54,23.702,11.0
2017-06-01T06:14:22,120.613,24.181,12.0
2017-06-01T06:27:09,120.674,24.151,29.0
2017-06-01T06:26:29,121.374,25.03,13.0
2017-06-01T06:14:40,121.371,25.057,15.0
2017-06-01T06:09:49,121.579,25.043,9.0
2017-06-01T05:44:23,121.458,25.012,11.0
2017-06-01T05:59:35,120.685,24.196,16.0
2017-06-01T06:18:08,120.673,24.25,22.0
2017-06-01T06:21:14,120.581,24.088,9.0
2017-06-01T06:12:38,121.137,25.013,9.0
2017-06-01T06:09:36,128.689,35.227,46.0
2017-06-01T05:56:03,120.705,24.215,18.0
2017-06-01T06:27:31,120.637,24.156,16.0
2017-06-01T06:07:20,121.516,25.008,9.0
2017-06-01T06:22:38,121.222,25.085,15.0
2017-06-01T06:27:39,121.524,25.149,20.0
2017-06-01T06:07:35,120.614,24.19,12.0
2017-06-01T05:56:10,120.286,23.848,11.0
2017-06-01T05:32:00,120.67,24.148,20.0
2017-06-01T06:26:33,121.21,24.94,12.0
2017-06-01T06:12:35,121.194,24.83,9.0
2017-06-01T06:27:31,121.215,24.856,10.0
2017-06-01T06:17:59,120.222,22.983,0.0
2017-06-01T06:18:57,121.265,24.883,8.0
2017-06-01T06:20:30,121.543,25.024,8.0
2017-06-01T06:17:24,121.294,24.873,6.0
2017-06-01T06:27:43,121.346,24.99,9.0
2017-06-01T06:15:13,120.158,22.991,8.0
2017-06-01T06:09:39,120.724,24.134,12.0
2017-06-01T06:11:13,121.536,25.11,14.0
2017-06-01T06:18:52,120.27,23.322,8.0
2017-06-01T06:27:33,120.595,24.187,12.0
2017-06-01T06:20:32,120.657,24.115,13.0
2017-06-01T06:18:07,121.35,24.819,8.0
2017-06-01T06:29:20,121.516,25.035,10.0
2017-06-01T06:23:58,128.688,35.234,51.0
2017-06-01T06:02:49,120.631,24.214,21.0
2017-06-01T06:01:35,120.578,24.174,14.0
2017-06-01T05:49:34,121.528,25.112,12.0
2017-06-01T06:15:12,121.264,24.936,9.0
2017-06-01T06:22:27,120.638,24.161,10.0
2017-06-01T06:27:05,120.669,24.176,0.0
2017-06-01T06:17:29,121.298,24.935,8.0
2017-06-01T06:11:58,120.453,23.468,20.0
2017-06-01T06:07:38,120.503,24.113,11.0
2017-06-01T05:53:28,121.57,24.999,12.0
2017-06-01T06:26:50,121.538,24.967,11.0
2017-06-01T06:28:50,120.643,24.133,15.0
2017-06-01T06:27:12,121.167,24.93,16.0
2017-06-01T06:28:53,121.538,25.014,9.0
2017-06-01T06:07:26,128.303,35.291,43.0
2017-06-01T06:12:37,128.41,34.948,46.0
2017-06-01T06:26:27,139.903,35.706,5.0
2017-06-01T06:27:26,128.092,35.083,47.0
2017-06-01T06:21:23,120.621,24.107,19.0
2017-06-01T05:56:03,128.715,35.155,53.0
2017-06-01T06:07:22,121.582,25.062,2.0
2017-06-01T06:26:52,121.618,25.003,21.0
2017-06-01T06:26:41,120.789,23.763,9.0
2017-06-01T06:21:20,121.557,24.989,13.0
2017-06-01T05:42:52,121.257,24.953,9.0
2017-06-01T06:06:05,121.254,25.039,14.0
2017-06-01T06:12:47,121.576,25.297,17.0
2017-06-01T06:18:34,121.561,25.043,9.0
2017-06-01T05:44:32,120.26,23.329,22.0
2017-06-01T06:10:57,120.222,22.996,4.0
2017-06-01T05:55:57,120.755,23.741,12.0
2017-06-01T06:24:52,121.0,24.784,7.0
2017-06-01T06:07:24,120.708,24.308,20.0
2017-06-01T06:27:54,121.54,25.03,8.0
2017-06-01T06:28:17,121.499,25.037,41.0
2017-06-01T06:12:19,120.98,24.833,13.0
2017-06-01T06:27:42,128.244,35.322,44.0
2017-06-01T06:18:16,120.681,23.76,8.0
2017-06-01T06:27:20,127.153,37.455,30.0
2017-06-01T05:35:11,120.68,24.163,16.0
2017-06-01T06:24:30,120.695,24.164,14.0
2017-06-01T06:29:19,121.146,24.979,13.0
2017-06-01T06:17:56,120.202,22.984,6.0
2017-06-01T06:21:22,121.499,25.037,16.0
2017-06-01T06:23:56,121.218,24.958,3.0
2017-06-01T06:28:23,121.446,25.045,9.0
2017-06-01T06:24:24,120.337,22.679,18.0
2017-06-01T05:44:39,128.608,34.821,46.0
2017-06-01T06:28:11,127.099,37.46,31.0
2017-06-01T06:29:27,121.562,25.056,22.0
2017-06-01T06:29:21,121.516,25.061,14.0
2017-06-01T06:26:22,120.547,24.194,11.0
2017-06-01T06:20:15,120.543,23.992,10.0
2017-06-01T06:20:45,121.54,24.989,9.0
2017-06-01T06:28:18,120.636,24.166,4.0
2017-06-01T06:18:53,121.525,25.034,10.0
2017-06-01T06:27:49,121.835,24.596,35.0
2017-06-01T06:20:48,121.095,24.919,13.0
2017-06-01T06:20:23,120.545,24.064,4.0
2017-06-01T06:23:52,120.637,24.148,17.0
2017-06-01T06:17:48,120.315,22.666,7.0
2017-06-01T06:29:42,121.169,24.886,16.0
2017-06-01T06:23:44,120.715,24.308,0.0
2017-06-01T06:15:41,120.656,24.136,11.0
2017-06-01T06:28:49,121.462,25.133,15.0
2017-06-01T06:03:09,120.635,24.175,16.0
2017-06-01T06:24:09,120.681,24.163,13.0
2017-06-01T06:17:09,121.507,25.046,11.0
2017-06-01T06:07:33,120.763,24.174,15.0
2017-06-01T06:22:40,120.817,24.543,23.0
2017-06-01T06:23:57,121.553,25.013,11.0
2017-06-01T06:24:29,121.582,25.062,1.0
2017-06-01T06:20:20,121.615,25.069,9.0
2017-06-01T06:26:26,120.666,24.143,14.0
2017-06-01T06:01:13,120.287,22.632,9.0
2017-06-01T06:23:24,120.592,22.69,5.0
2017-06-01T06:29:10,121.027,24.768,14.0
2017-06-01T06:22:50,120.696,24.082,13.0
2017-06-01T06:16:43,120.633,24.151,15.0
2017-06-01T06:29:26,120.61,24.187,12.0
2017-06-01T05:38:05,120.655,24.143,23.0
2017-06-01T06:27:20,120.61,24.186,11.0
2017-06-01T06:07:28,120.546,24.093,12.0
2017-06-01T06:04:22,120.552,24.05,8.0
2017-06-01T06:29:41,120.655,24.152,15.0
2017-06-01T06:14:10,120.645,24.158,11.0
2017-06-01T06:24:18,120.286,22.663,13.0
2017-06-01T06:29:10,121.537,25.005,7.0
2017-06-01T06:26:52,121.097,24.973,15.0
2017-06-01T05:55:35,121.451,25.062,0.0
2017-06-01T06:29:24,129.332,35.626,48.0
2017-06-01T06:14:16,121.571,25.035,14.0
2017-06-01T05:44:04,128.163,35.565,30.0
2017-06-01T06:24:33,120.561,24.204,9.0
2017-06-01T06:24:19,120.551,24.071,7.0
2017-06-01T06:28:02,120.598,23.719,19.0
2017-06-01T06:26:38,120.462,23.547,13.0
2017-06-01T06:21:28,120.996,24.795,12.0
2017-06-01T06:28:03,6.453,51.15,1.0
2017-06-01T06:26:34,121.493,25.031,10.0
2017-06-01T06:06:53,121.572,25.083,12.0
2017-06-01T06:16:30,121.215,25.081,15.0
2017-06-01T06:26:51,121.222,25.093,13.0
2017-06-01T06:26:49,121.52,25.071,15.0
2017-06-01T06:14:01,120.554,24.083,11.0
2017-06-01T06:06:31,120.538,22.905,14.0
2017-06-01T06:27:29,121.125,24.682,4.0
2017-06-01T06:21:52,121.215,24.959,5.0
2017-06-01T06:28:09,127.067,37.195,29.0
2017-06-01T06:28:44,128.692,35.211,50.0
2017-06-01T05:56:06,120.602,24.184,15.0
2017-06-01T06:00:38,120.635,24.136,19.0
2017-06-01T06:23:19,121.794,24.627,33.0
2017-06-01T06:20:10,121.524,25.072,13.0
2017-06-01T06:22:31,128.596,35.247,44.0
2017-06-01T06:18:11,128.67,35.217,20.0
2017-06-01T06:18:31,128.496,35.543,40.0
2017-06-01T06:12:04,128.083,34.93,52.0
2017-06-01T06:02:45,128.866,35.189,45.0
2017-06-01T06:16:28,121.315,24.956,9.0
2017-06-01T06:05:14,121.557,25.029,11.0
2017-06-01T06:27:37,128.557,35.146,49.0
2017-06-01T06:28:33,127.795,34.971,51.0
2017-06-01T06:18:36,128.114,35.206,44.0
2017-06-01T06:23:47,121.201,24.994,12.0
2017-06-01T06:29:14,121.049,25.005,9.0
2017-06-01T06:29:10,121.523,25.058,10.0
2017-06-01T06:25:01,120.299,23.459,9.0
2017-06-01T05:56:25,121.414,24.979,9.0
2017-06-01T06:29:33,120.631,24.123,18.0
2017-06-01T06:16:27,120.512,24.126,13.0
2017-06-01T06:26:29,121.503,25.089,13.0
2017-06-01T05:49:50,121.392,24.961,20.0
2017-06-01T05:34:07,121.535,25.023,12.0
2017-06-01T06:20:35,121.226,24.945,10.0
2017-06-01T06:16:36,121.23,25.06,16.0
2017-06-01T06:24:41,120.321,22.648,0.0
2017-06-01T06:17:02,121.576,25.06,10.0
2017-06-01T06:28:46,120.767,23.739,13.0
2017-06-01T06:10:44,120.431,23.471,12.0
2017-06-01T06:18:23,121.773,25.136,29.0
2017-06-01T06:26:53,120.287,22.632,10.0
2017-06-01T06:18:27,120.968,24.767,11.0
2017-06-01T06:09:19,121.541,25.015,8.0
2017-06-01T06:28:32,121.525,25.098,7.0
2017-06-01T06:24:31,121.786,24.637,23.0
2017-06-01T06:01:09,121.296,25.047,30.0
2017-06-01T06:24:09,121.796,24.624,31.0
2017-06-01T06:04:27,121.52,25.04,12.0
2017-06-01T05:56:02,120.226,22.996,5.0
2017-06-01T06:18:48,101.517,3.074,18.0
2017-06-01T06:29:20,128.692,34.864,50.0
2017-06-01T06:22:10,121.799,24.638,32.0
2017-06-01T06:18:09,121.496,25.134,19.0
2017-06-01T06:28:35,120.725,24.145,15.0
2017-06-01T06:18:57,127.732,35.523,31.0
2017-06-01T06:26:55,121.56,25.033,3.0
2017-06-01T06:18:35,120.217,23.046,6.0
2017-06-01T06:20:44,121.536,25.073,11.0
2017-06-01T06:06:04,121.548,25.038,9.0
2017-06-01T06:23:47,120.614,24.179,16.0
2017-06-01T06:27:19,121.511,24.998,11.0
2017-06-01T06:16:38,120.529,23.692,8.0
2017-06-01T06:26:23,120.79,23.827,10.0
2017-06-01T06:07:47,121.005,24.828,10.0
2017-06-01T06:06:21,120.198,22.992,6.0
2017-06-01T06:24:55,120.3,22.669,16.0
2017-06-01T06:24:57,121.179,24.907,12.0
2017-06-01T06:15:32,121.214,22.879,25.0
2017-06-01T06:24:58,120.637,24.165,3.0
2017-06-01T06:00:43,121.183,24.924,9.0
2017-06-01T06:28:14,120.636,24.165,11.0
2017-06-01T06:12:07,121.192,24.97,13.0
2017-06-01T06:27:04,120.652,24.131,23.0
2017-06-01T06:21:48,121.028,22.702,11.0
2017-06-01T06:28:40,120.422,24.028,24.0
2017-06-01T05:41:28,120.698,24.186,18.0
2017-06-01T06:20:16,120.56,24.195,8.0
2017-06-01T06:07:35,120.566,24.266,13.0
2017-06-01T06:20:16,120.72,24.302,25.0
2017-06-01T06:29:32,121.54,25.017,9.0
2017-06-01T06:26:48,120.701,24.067,14.0
2017-06-01T06:14:10,121.169,24.891,22.0
2017-06-01T06:07:33,121.833,24.62,30.0
2017-06-01T06:21:11,121.521,25.283,21.0
2017-06-01T06:20:13,121.541,25.063,13.0
2017-06-01T06:22:25,121.443,25.031,9.0
2017-06-01T06:07:12,121.256,24.983,12.0
2017-06-01T06:27:39,120.465,23.792,9.0
2017-06-01T06:14:09,120.546,23.717,11.0
2017-06-01T05:50:00,120.636,24.165,2.0
2017-06-01T06:23:53,120.745,24.354,0.0
2017-06-01T05:49:05,121.614,25.04,12.0
2017-06-01T06:14:54,120.301,22.688,6.0
2017-06-01T06:28:29,127.057,36.776,36.0
2017-06-01T06:07:30,121.22,24.953,10.0
2017-06-01T06:29:27,128.755,35.247,48.0
2017-06-01T06:23:51,103.896,1.301,11.0
2017-06-01T06:27:57,121.538,25.017,17.0
2017-06-01T06:09:34,121.203,24.944,10.0
2017-06-01T06:28:50,126.967,37.217,24.0
2017-06-01T06:22:17,121.562,25.058,15.0
2017-06-01T06:22:00,120.324,22.652,12.0
2017-06-01T06:24:46,128.53,34.918,50.0
2017-06-01T05:49:36,120.743,24.263,15.0
2017-06-01T05:56:09,120.468,23.553,17.0
2017-06-01T06:23:32,120.613,24.184,13.0
2017-06-01T06:07:20,126.716,35.975,42.0
2017-06-01T06:24:12,118.316,24.436,6.0
2017-06-01T06:24:08,120.568,24.156,11.0
2017-06-01T06:18:27,120.533,24.063,8.0
2017-06-01T06:10:46,120.547,24.084,14.0
2017-06-01T06:26:22,121.57,25.047,15.0
2017-06-01T06:18:51,121.582,25.062,2.0
2017-06-01T06:28:09,121.292,24.92,9.0
2017-06-01T05:56:43,120.443,23.483,9.0
2017-06-01T06:26:39,128.267,35.32,43.0
2017-06-01T06:28:05,128.918,35.231,52.0
2017-06-01T06:27:23,107.608,-6.886,19.0
2017-06-01T05:44:33,128.568,35.221,49.0
2017-06-01T06:29:07,128.114,35.205,40.0
2017-06-01T06:23:38,121.553,25.054,12.0
2017-06-01T06:14:38,120.723,24.162,15.0
2017-06-01T06:25:02,126.91,37.55,28.0
2017-06-01T06:24:25,120.362,23.879,14.0
2017-06-01T06:28:35,128.805,35.201,42.0
2017-06-01T06:09:32,120.651,24.216,20.0
2017-06-01T06:20:11,120.551,24.069,10.0
2017-06-01T06:26:37,121.576,24.99,13.0
2017-06-01T06:29:07,120.558,24.085,19.0
2017-06-01T06:11:49,121.251,24.974,11.0
2017-06-01T06:17:48,121.213,24.897,8.0
2017-06-01T06:27:40,120.568,23.963,23.0
2017-06-01T06:24:42,120.695,24.018,20.0
2017-06-01T05:37:52,120.454,23.487,17.0
2017-06-01T06:20:15,121.517,25.001,13.0
2017-06-01T06:01:22,121.213,25.007,14.0
2017-06-01T06:27:14,128.643,35.25,50.0
2017-06-01T06:01:27,121.563,25.031,7.0
2017-06-01T06:20:39,121.593,25.053,10.0
2017-06-01T06:27:08,120.316,23.319,5.0
2017-06-01T06:28:19,120.916,24.711,10.0
2017-06-01T06:17:12,121.293,25.017,14.0
2017-06-01T06:20:57,121.5,25.036,48.0
2017-06-01T06:14:18,120.637,24.165,4.0
2017-06-01T06:28:18,121.842,24.626,38.0
2017-06-01T06:24:11,121.36,24.711,11.0
2017-06-01T06:29:30,121.59,25.061,10.0
2017-06-01T06:07:04,121.223,24.936,9.0
2017-06-01T06:27:20,121.541,25.045,14.0
2017-06-01T06:24:16,121.611,25.067,13.0
2017-06-01T05:44:41,120.539,24.06,14.0
2017-06-01T06:11:32,121.549,25.078,12.0
2017-06-01T06:18:39,121.492,25.033,8.0
2017-06-01T06:23:54,120.196,23.015,0.0
2017-06-01T06:23:53,120.717,24.197,23.0
2017-06-01T05:49:51,121.389,25.041,16.0
2017-06-01T06:18:15,121.173,25.065,19.0
2017-06-01T06:11:06,128.69,34.892,48.0
2017-06-01T05:51:25,120.667,24.112,11.0
2017-06-01T06:28:00,121.451,25.062,11.0
2017-06-01T06:20:34,120.669,24.158,15.0
2017-06-01T06:26:46,120.587,23.852,10.0
2017-06-01T06:26:57,121.256,25.076,17.0
2017-06-01T06:09:16,121.321,25.008,10.0
2017-06-01T06:15:27,120.639,24.141,3.0
2017-06-01T06:29:41,120.617,24.175,16.0
2017-06-01T06:21:44,130.423,33.588,41.0
2017-06-01T06:24:35,121.556,25.028,26.0
2017-06-01T06:26:39,120.463,23.482,16.0
2017-06-01T06:14:17,121.527,25.048,11.0
2017-06-01T06:26:22,121.442,25.19,15.0
2017-06-01T06:28:16,121.451,25.062,10.0
2017-06-01T06:11:42,-65.399,-24.788,13.0
2017-06-01T06:21:18,103.92,1.306,15.0
2017-06-01T06:18:26,121.529,25.02,8.0
2017-06-01T06:01:34,121.302,24.955,8.0
2017-06-01T06:24:20,136.619,36.576,23.0
2017-06-01T06:22:24,121.688,24.679,26.0
2017-06-01T06:26:47,121.716,24.688,27.0
2017-06-01T05:56:07,121.811,24.625,33.0
2017-06-01T06:18:20,121.537,25.015,9.0
2017-06-01T06:26:34,121.869,24.576,35.0
2017-06-01T06:28:36,120.66,24.138,35.0
2017-06-01T06:07:10,120.699,24.105,12.0
2017-06-01T06:26:40,120.667,24.169,21.0
2017-06-01T06:21:00,121.486,25.07,14.0
2017-06-01T06:24:14,120.652,24.173,13.0
2017-06-01T06:28:55,121.374,25.078,16.0
2017-06-01T06:23:07,126.894,37.483,30.0
2017-06-01T06:27:00,121.218,24.863,10.0
2017-06-01T05:37:32,121.286,24.883,9.0
2017-06-01T06:24:49,121.55,25.033,11.0
2017-06-01T05:56:02,120.79,21.949,17.0
2017-06-01T06:18:33,121.524,25.025,0.0
2017-06-01T06:04:27,120.645,24.135,12.0
2017-06-01T06:25:00,121.57,25.141,15.0
2017-06-01T06:15:51,120.522,24.119,14.0
2017-06-01T05:55:36,121.258,24.974,11.0
2017-06-01T06:24:21,121.263,24.962,10.0
2017-06-01T06:11:38,120.713,24.305,29.0
2017-06-01T06:15:22,106.828,-6.138,2.0
2017-06-01T06:07:09,121.34,24.993,9.0
2017-06-01T06:21:00,121.502,25.131,15.0
2017-06-01T06:28:58,121.53,25.098,20.0
2017-06-01T06:23:46,121.272,24.991,11.0
2017-06-01T05:55:50,120.573,24.165,28.0
2017-06-01T06:22:58,121.582,25.062,2.0
2017-06-01T06:12:32,120.662,24.198,21.0
2017-06-01T06:28:42,120.601,24.179,10.0
2017-06-01T06:23:23,101.701,3.168,27.0
2017-06-01T05:55:32,120.715,24.14,15.0
2017-06-01T06:06:51,121.58,25.063,3.0
2017-06-01T06:23:54,120.658,24.137,22.0
2017-06-01T06:07:08,121.451,25.062,27.0
2017-06-01T06:07:36,129.06,35.416,50.0
2017-06-01T06:03:32,128.402,35.278,45.0
2017-06-01T06:22:44,121.766,24.823,32.0
2017-06-01T06:01:31,127.847,35.736,26.0
2017-06-01T06:23:03,120.638,24.147,24.0
2017-06-01T06:15:22,121.586,25.078,16.0
2017-06-01T06:20:52,120.353,22.636,11.0
2017-06-01T06:15:29,121.496,25.073,16.0
2017-06-01T05:55:39,120.673,24.03,13.0
2017-06-01T06:28:47,120.453,23.53,13.0
2017-06-01T06:22:18,121.57,25.141,14.0
2017-06-01T06:24:36,120.693,23.862,13.0
2017-06-01T06:18:07,121.325,24.892,7.0
2017-06-01T06:20:47,121.289,24.85,6.0
2017-06-01T06:11:32,127.067,37.195,27.0
2017-06-01T06:26:44,120.221,22.997,3.0
2017-06-01T06:17:51,120.995,24.78,6.0
2017-06-01T06:28:42,120.675,24.158,15.0
2017-06-01T06:21:06,120.499,24.122,12.0
2017-06-01T06:15:00,121.305,24.951,8.0
2017-06-01T06:26:52,128.752,35.502,36.0
2017-06-01T06:29:11,120.285,22.725,8.0
2017-06-01T06:27:35,127.955,35.297,39.0
2017-06-01T06:14:57,127.04,37.471,34.0
2017-06-01T06:21:30,128.698,35.205,51.0
2017-06-01T06:15:34,121.567,25.059,11.0
2017-06-01T06:28:59,120.65,24.154,19.0
2017-06-01T06:18:47,120.657,24.141,13.0
2017-06-01T06:10:51,128.686,35.157,48.0
2017-06-01T06:07:39,121.217,24.949,10.0
2017-06-01T06:00:38,120.631,23.832,45.0
2017-06-01T05:56:06,121.81,24.629,28.0
2017-06-01T05:56:59,120.299,23.558,12.0
2017-06-01T05:55:45,120.425,22.58,34.0
2017-06-01T06:23:59,121.12,25.037,22.0
2017-06-01T06:28:57,121.116,24.978,15.0
2017-06-01T06:26:19,121.557,25.043,10.0
2017-06-01T06:01:14,120.323,22.613,12.0
2017-06-01T06:14:13,121.143,25.045,21.0
2017-06-01T06:23:11,120.55,24.089,3.0
2017-06-01T06:25:04,121.009,24.948,17.0
2017-06-01T06:29:23,127.752,37.888,82.0
2017-06-01T06:29:32,120.455,23.495,12.0
2017-06-01T06:23:58,121.316,24.982,10.0
2017-06-01T06:24:32,121.058,25.021,16.0
2017-06-01T06:26:37,121.508,25.046,10.0
2017-06-01T06:29:23,121.102,25.013,11.0
2017-06-01T06:20:35,120.372,23.189,8.0
2017-06-01T05:57:39,120.429,24.047,22.0
2017-06-01T06:23:49,120.355,22.972,7.0
2017-06-01T06:29:16,121.512,25.115,14.0
2017-06-01T06:24:46,120.711,24.146,24.0
2017-06-01T06:23:33,120.565,23.885,0.0
2017-06-01T06:20:12,128.101,35.173,45.0
2017-06-01T06:18:48,127.973,35.059,49.0
2017-06-01T06:27:33,128.19,34.945,50.0
2017-06-01T06:22:08,120.656,24.018,13.0
2017-06-01T06:01:20,129.067,35.415,49.0
2017-06-01T06:07:18,129.028,35.375,47.0
2017-06-01T06:27:22,121.295,24.89,8.0
2017-06-01T06:28:29,120.33,22.63,18.0
2017-06-01T06:27:03,120.942,24.309,8.0
2017-06-01T06:22:21,121.306,25.017,13.0
2017-06-01T05:55:48,120.468,23.961,9.0
2017-06-01T05:55:51,121.163,24.936,11.0
2017-06-01T06:29:34,120.61,24.184,10.0
2017-06-01T05:56:20,121.148,24.922,8.0
2017-06-01T06:28:13,120.251,23.051,10.0
2017-06-01T06:24:15,120.223,23.797,13.0
2017-06-01T06:24:05,121.281,24.855,7.0
2017-06-01T06:01:34,120.275,22.977,6.0
2017-06-01T06:17:08,121.556,24.988,15.0
2017-06-01T06:18:17,101.695,3.047,21.0
2017-06-01T06:29:26,120.497,22.676,4.0
2017-06-01T06:20:57,121.548,25.049,11.0
2017-06-01T06:26:32,121.244,25.103,18.0
2017-06-01T06:03:31,120.644,24.151,20.0
2017-06-01T06:23:58,120.698,24.252,26.0
2017-06-01T05:44:19,120.715,24.164,21.0
2017-06-01T06:21:43,120.314,22.678,5.0
2017-06-01T06:29:22,121.499,25.023,9.0
2017-06-01T06:28:54,121.187,24.967,12.0
2017-06-01T06:21:19,121.54,25.017,10.0
2017-06-01T06:07:42,129.026,35.304,43.0
2017-06-01T06:26:40,120.996,24.791,8.0
2017-06-01T06:27:56,120.714,24.157,12.0
2017-06-01T06:17:53,120.797,24.24,17.0
2017-06-01T06:17:15,120.664,24.157,0.0
2017-06-01T06:15:44,128.817,35.097,51.0
2017-06-01T06:20:26,121.233,24.953,8.0
2017-06-01T06:01:36,121.03,24.826,13.0
2017-06-01T06:29:11,120.563,22.607,3.0
2017-06-01T06:01:25,120.536,22.543,10.0
2017-06-01T05:56:50,120.202,23.02,3.0
2017-06-01T05:56:01,121.807,24.803,39.0
2017-06-01T06:09:58,121.732,24.724,24.0
2017-06-01T06:01:37,121.576,25.003,17.0
2017-06-01T06:27:15,121.783,24.8,41.0
2017-06-01T05:44:41,121.552,25.013,11.0
2017-06-01T06:03:08,121.163,24.956,12.0
2017-06-01T06:23:46,120.674,24.183,19.0
2017-06-01T06:28:12,121.848,24.905,42.0
2017-06-01T05:55:04,120.653,24.118,17.0
2017-06-01T06:26:24,121.845,24.595,39.0
2017-06-01T06:24:02,121.548,25.102,14.0
2017-06-01T06:23:36,120.696,24.15,29.0
2017-06-01T05:49:57,121.621,25.039,18.0
2017-06-01T06:15:55,120.639,24.142,11.0
2017-06-01T06:14:08,120.551,24.069,9.0
2017-06-01T06:24:47,121.288,24.879,7.0
2017-06-01T06:23:11,121.793,24.698,40.0
2017-06-01T06:12:35,120.49,22.662,7.0
2017-06-01T06:24:36,121.62,25.037,9.0
2017-06-01T06:27:44,121.443,25.084,25.0
2017-06-01T05:44:38,120.597,24.139,11.0
2017-06-01T06:24:06,121.318,24.981,10.0
2017-06-01T06:22:16,120.613,24.143,15.0
2017-06-01T06:15:01,127.748,35.066,45.0
2017-06-01T06:14:21,120.707,24.303,21.0
2017-06-01T06:28:38,121.191,24.966,14.0
2017-06-01T05:52:31,121.619,25.04,13.0
2017-06-01T06:24:10,120.729,24.313,15.0
2017-06-01T06:29:19,120.735,24.122,15.0
2017-06-01T06:06:30,120.327,22.659,48.0
2017-06-01T06:17:43,129.028,35.375,50.0
2017-06-01T06:20:14,126.716,35.975,36.0
2017-06-01T06:18:49,121.104,24.926,14.0
2017-06-01T05:56:01,128.579,35.219,45.0
2017-06-01T05:38:13,127.795,34.971,55.0
2017-06-01T06:12:21,128.161,35.171,46.0
2017-06-01T06:14:51,121.521,23.6,25.0
2017-06-01T06:11:11,121.471,24.653,34.0
2017-06-01T06:28:58,120.325,22.638,11.0
2017-06-01T06:23:00,120.648,24.161,13.0
2017-06-01T06:10:33,121.288,24.881,7.0
2017-06-01T06:28:16,120.719,24.314,23.0
2017-06-01T06:12:32,121.229,24.942,10.0
2017-06-01T06:14:54,120.644,24.131,21.0
2017-06-01T06:06:24,121.366,25.069,13.0
2017-06-01T05:41:33,121.39,25.134,12.0
2017-06-01T06:28:53,120.564,23.994,14.0
2017-06-01T06:24:30,121.57,25.296,19.0
2017-06-01T06:07:20,121.318,24.999,10.0
2017-06-01T05:55:49,121.538,25.019,10.0
2017-06-01T06:26:59,121.551,25.082,14.0
2017-06-01T06:12:09,128.579,35.219,46.0
2017-06-01T06:23:40,128.545,35.237,35.0
2017-06-01T06:22:23,128.693,34.897,37.0
2017-06-01T05:32:23,127.048,37.223,26.0
2017-06-01T05:56:14,127.048,37.223,30.0
2017-06-01T06:07:46,120.694,24.152,35.0
