2017-06-01T06:33:20,120.222,22.982,6.0
2017-06-01T06:37:14,121.535,25.053,12.0
2017-06-01T06:33:40,120.427,23.487,15.0
2017-06-01T06:27:59,120.641,24.151,27.0
2017-06-01T06:37:02,120.564,24.215,11.0
2017-06-01T06:35:31,120.312,22.66,9.0
2017-06-01T05:55:53,120.216,23.011,4.0
2017-06-01T06:07:16,120.356,22.666,21.0
2017-06-01T06:20:17,120.731,24.164,13.0
2017-06-01T06:00:52,121.552,25.035,13.0
2017-06-01T06:14:07,121.513,25.053,13.0
2017-06-01T06:12:39,121.57,24.99,10.0
2017-06-01T06:37:25,121.734,25.143,31.0
2017-06-01T06:18:00,121.473,25.03,10.0
2017-06-01T06:33:45,120.595,24.188,8.0
2017-06-01T06:40:08,120.2,23.131,5.0
2017-06-01T06:15:54,121.552,25.056,11.0
2017-06-01T06:41:37,120.642,24.407,19.0
2017-06-01T06:28:54,120.538,24.086,10.0
2017-06-01T06:41:41,121.214,24.94,9.0
2017-06-01T06:43:09,120.696,24.173,9.0
2017-06-01T06:43:26,120.345,23.531,10.0
2017-06-01T06:42:04,120.64,24.14,15.0
2017-06-01T06:35:22,120.61,24.187,14.0
2017-06-01T06:40:51,120.418,23.464,5.0
2017-06-01T06:38:33,120.675,24.157,24.0
2017-06-01T06:41:02,120.637,24.165,9.0
2017-06-01T06:40:05,120.3,22.686,3.0
2017-06-01T06:40:35,120.457,23.594,11.0
2017-06-01T06:32:43,121.54,25.029,2.0
2017-06-01T06:43:08,121.209,24.949,15.0
2017-06-01T06:08:54,121.546,25.015,9.0
2017-06-01T06:43:31,121.524,25.024,8.0
2017-06-01T06:35:17,120.638,23.976,13.0
2017-06-01T06:35:19,120.731,24.16,8.0
2017-06-01T06:27:10,121.513,25.064,12.0
2017-06-01T06:43:28,120.735,24.159,14.0
2017-06-01T06:33:07,121.431,25.015,12.0
2017-06-01T06:14:15,120.448,23.475,7.0
2017-06-01T06:33:55,121.616,25.057,6.0
2017-06-01T06:27:03,120.507,22.68,6.0
2017-06-01T06:31:01,120.72,24.17,4.0
2017-06-01T06:41:16,121.747,24.751,36.0
2017-06-01T06:36:33,121.519,25.115,14.0
2017-06-01T06:36:45,120.682,24.166,15.0
2017-06-01T06:40:19,121.545,25.027,9.0
2017-06-01T06:42:01,121.251,24.974,16.0
2017-06-01T06:28:30,120.419,23.897,13.0
2017-06-01T06:15:13,120.158,22.991,8.0
2017-06-01T06:43:42,120.317,22.61,6.0
2017-06-01T06:34:46,120.603,24.394,18.0
2017-06-01T06:41:46,121.554,25.033,16.0
2017-06-01T06:33:00,120.669,24.176,0.0
2017-06-01T06:37:52,121.081,25.037,17.0
2017-06-01T06:37:11,121.145,24.964,14.0
2017-06-01T06:41:49,121.215,24.941,13.0
2017-06-01T06:38:23,121.582,25.062,1.0
2017-06-01T06:43:58,127.91,35.687,24.0
2017-06-01T06:39:40,120.631,24.153,20.0
2017-06-01T06:42:24,120.695,24.018,17.0
2017-06-01T06:41:59,120.697,24.057,13.0
2017-06-01T06:21:21,121.551,25.079,12.0
2017-06-01T06:33:01,121.221,24.964,15.0
2017-06-01T06:40:47,120.582,24.226,12.0
2017-06-01T06:24:00,120.663,24.116,22.0
2017-06-01T06:40:37,128.692,35.211,51.0
2017-06-01T06:34:57,120.612,24.055,25.0
2017-06-01T05:49:28,121.282,24.945,11.0
2017-06-01T06:40:34,121.315,24.956,12.0
2017-06-01T06:41:56,129.067,35.415,39.0
2017-06-01T05:56:11,128.687,35.234,45.0
2017-06-01T06:37:49,128.69,34.892,60.0
2017-06-01T06:42:21,128.402,35.277,44.0
2017-06-01T06:40:03,128.417,34.876,50.0
2017-06-01T06:11:22,128.124,35.187,45.0
2017-06-01T06:36:46,128.557,35.173,31.0
2017-06-01T06:35:17,128.692,34.864,50.0
2017-06-01T06:30:50,128.545,35.238,43.0
2017-06-01T06:40:29,121.301,24.88,16.0
2017-06-01T06:42:28,126.903,37.533,20.0
2017-06-01T06:41:05,128.121,34.929,45.0
2017-06-01T06:34:53,128.557,35.176,46.0
2017-06-01T06:39:51,129.074,35.449,46.0
2017-06-01T06:38:01,120.299,23.571,2.0
2017-06-01T06:30:47,121.283,24.988,11.0
2017-06-01T06:41:14,121.519,25.012,11.0
2017-06-01T06:34:51,121.194,24.968,18.0
2017-06-01T06:37:20,128.68,35.235,43.0
2017-06-01T06:37:24,121.22,24.87,8.0
2017-06-01T06:33:12,128.533,35.339,39.0
2017-06-01T06:32:47,121.163,24.956,19.0
2017-06-01T06:26:47,121.141,24.892,14.0
2017-06-01T06:10:26,121.231,24.95,10.0
2017-06-01T06:28:16,121.451,25.062,10.0
2017-06-01T06:21:18,103.92,1.306,15.0
2017-06-01T06:37:50,121.202,24.953,17.0
2017-06-01T06:07:19,120.345,23.531,9.0
2017-06-01T06:32:54,121.768,24.662,25.0
2017-06-01T06:43:18,121.766,24.728,39.0
2017-06-01T06:41:04,120.661,24.13,10.0
2017-06-01T06:43:12,128.098,34.942,54.0
2017-06-01T06:43:56,120.638,24.179,15.0
2017-06-01T06:40:44,121.865,24.582,34.0
2017-06-01T06:30:16,121.834,24.521,28.0
2017-06-01T06:31:07,121.297,25.06,16.0
2017-06-01T06:33:25,121.55,25.081,12.0
2017-06-01T06:40:32,121.766,24.823,35.0
2017-06-01T06:40:53,121.536,25.018,9.0
2017-06-01T06:40:45,120.614,24.35,12.0
2017-06-01T06:42:32,120.711,24.146,23.0
2017-06-01T06:42:29,120.67,24.119,18.0
2017-06-01T06:35:02,121.498,25.023,10.0
2017-06-01T06:42:02,120.223,23.797,13.0
2017-06-01T06:43:08,121.149,24.91,13.0
2017-06-01T06:41:56,121.137,24.918,18.0
2017-06-01T06:14:18,120.637,24.165,4.0
2017-06-01T06:30:13,118.452,24.461,14.0
2017-06-01T05:51:38,121.297,25.047,17.0
2017-06-01T06:23:18,120.649,24.143,15.0
2017-06-01T06:41:29,121.832,24.526,29.0
2017-06-01T06:42:57,121.795,24.648,27.0
2017-06-01T06:41:40,120.478,22.674,3.0
2017-06-01T06:32:59,121.404,24.809,9.0
2017-06-01T06:30:54,120.326,22.621,14.0
2017-06-01T06:36:40,121.844,24.575,27.0
2017-06-01T06:35:34,121.522,25.08,15.0
2017-06-01T06:42:59,121.443,25.05,5.0
2017-06-01T06:43:07,120.536,23.694,9.0
2017-06-01T06:39:40,121.609,25.056,9.0
2017-06-01T06:00:30,121.507,25.126,18.0
2017-06-01T06:40:25,121.513,25.053,12.0
2017-06-01T06:33:34,121.531,25.105,17.0
2017-06-01T06:42:41,120.734,24.12,13.0
2017-06-01T06:40:31,121.451,25.062,15.0
2017-06-01T06:41:34,103.817,1.28,13.0
2017-06-01T06:40:56,120.532,24.085,12.0
2017-06-01T06:38:35,120.577,24.299,13.0
2017-06-01T06:37:43,120.997,24.786,9.0
2017-06-01T06:21:08,120.491,24.023,16.0
2017-06-01T06:03:13,121.532,25.022,10.0
2017-06-01T06:34:07,120.639,24.183,27.0
2017-06-01T06:37:22,120.544,23.704,10.0
2017-06-01T06:38:17,120.657,24.115,13.0
2017-06-01T06:44:02,121.636,25.066,9.0
2017-06-01T06:42:45,120.485,23.467,6.0
2017-06-01T06:38:25,120.485,23.468,8.0
2017-06-01T06:41:56,120.643,24.151,15.0
2017-06-01T06:30:36,121.554,25.058,10.0
2017-06-01T06:42:52,121.582,25.062,2.0
2017-06-01T06:41:32,121.128,25.062,17.0
2017-06-01T06:43:14,121.482,25.105,15.0
2017-06-01T06:41:19,21.001,52.182,10.0
2017-06-01T06:32:38,120.704,24.308,18.0
2017-06-01T06:30:10,120.341,22.636,13.0
2017-06-01T06:43:38,120.657,24.208,19.0
2017-06-01T06:22:25,121.128,22.903,17.0
2017-06-01T06:41:26,121.139,22.931,13.0
2017-06-01T06:38:20,120.667,24.119,20.0
2017-06-01T06:09:56,120.732,24.135,18.0
2017-06-01T06:38:32,120.612,24.191,10.0
2017-06-01T06:37:54,121.097,24.992,23.0
2017-06-01T06:34:59,120.532,23.716,9.0
2017-06-01T06:43:45,121.141,24.963,16.0
2017-06-01T05:56:35,121.842,24.592,30.0
2017-06-01T06:32:59,121.585,25.038,11.0
2017-06-01T06:40:49,120.723,24.288,12.0
2017-06-01T06:03:33,127.877,34.897,48.0
2017-06-01T06:29:19,121.146,24.979,13.0
2017-06-01T06:27:38,127.029,37.493,15.0
2017-06-01T06:32:27,121.551,25.059,11.0
2017-06-01T06:39:47,128.081,35.199,48.0
2017-06-01T06:33:27,121.798,24.661,34.0
2017-06-01T06:40:55,120.87,24.612,10.0
2017-06-01T06:14:07,121.014,24.784,12.0
2017-06-01T06:43:22,121.264,25.008,15.0
2017-06-01T06:33:21,121.216,24.864,5.0
2017-06-01T06:04:53,121.516,25.064,11.0
2017-06-01T06:42:11,128.698,35.205,46.0
2017-06-01T06:42:16,127.783,34.948,53.0
2017-06-01T06:40:26,126.967,37.218,19.0
2017-06-01T06:18:20,121.532,25.036,9.0
2017-06-01T06:40:56,121.016,24.862,11.0
2017-06-01T06:42:35,128.557,35.144,50.0
2017-06-01T06:28:34,127.783,34.948,53.0
2017-06-01T06:31:00,128.121,34.929,49.0
2017-06-01T06:39:47,128.457,35.273,43.0
2017-06-01T06:37:46,121.148,24.922,12.0
2017-06-01T06:41:03,121.59,25.067,8.0
2017-06-01T06:22:20,121.533,25.058,9.0
2017-06-01T06:43:10,121.106,24.972,18.0
2017-06-01T06:33:18,121.543,25.023,8.0
2017-06-01T06:34:51,121.306,25.082,14.0
2017-06-01T06:32:29,120.666,24.18,16.0
2017-06-01T06:40:52,121.083,25.028,15.0
2017-06-01T06:07:29,121.551,25.035,9.0
2017-06-01T06:39:48,121.3,25.05,18.0
2017-06-01T06:33:08,121.387,25.04,12.0
2017-06-01T06:03:42,121.724,24.67,25.0
2017-06-01T06:43:06,120.503,24.113,21.0
2017-06-01T06:41:37,121.766,24.655,29.0
2017-06-01T06:21:32,120.473,23.787,12.0
2017-06-01T06:43:37,121.514,25.105,12.0
2017-06-01T06:15:09,120.665,24.136,16.0
2017-06-01T06:40:24,121.777,24.669,29.0
2017-06-01T06:39:58,121.766,24.663,24.0
2017-06-01T06:41:17,120.631,24.115,23.0
2017-06-01T06:41:53,121.082,24.956,15.0
2017-06-01T06:34:54,120.614,24.127,12.0
2017-06-01T06:30:03,121.026,24.974,18.0
2017-06-01T06:33:55,120.702,24.188,21.0
2017-06-01T06:39:43,121.451,25.062,17.0
2017-06-01T06:28:53,121.538,25.014,9.0
2017-06-01T06:20:16,120.72,24.302,25.0
2017-06-01T06:36:05,120.538,22.905,15.0
2017-06-01T06:37:48,120.544,23.71,4.0
2017-06-01T06:39:50,120.477,23.447,9.0
2017-06-01T06:42:25,120.688,24.091,19.0
2017-06-01T06:42:27,121.497,24.958,13.0
2017-06-01T06:24:08,128.693,34.897,45.0
2017-06-01T06:42:15,126.78,37.647,28.0
2017-06-01T06:29:55,127.824,34.985,45.0
2017-06-01T06:43:42,128.057,35.169,48.0
2017-06-01T06:42:48,77.259,28.533,106.0
2017-06-01T06:27:43,121.51,25.013,9.0
2017-06-01T06:36:02,120.651,24.149,12.0
2017-06-01T06:43:50,121.792,24.63,28.0
2017-06-01T06:37:37,120.636,24.166,4.0
2017-06-01T05:56:25,121.414,24.979,9.0
2017-06-01T06:17:01,121.37,24.942,10.0
2017-06-01T06:32:45,121.451,25.1,15.0
2017-06-01T06:42:37,121.582,25.062,1.0
2017-06-01T06:43:27,121.582,25.062,2.0
2017-06-01T06:40:02,121.149,24.91,15.0
2017-06-01T06:32:51,121.486,25.07,14.0
2017-06-01T06:34:28,103.869,1.322,23.0
2017-06-01T06:43:17,128.616,36.82,39.0
2017-06-01T06:33:52,121.303,24.967,13.0
2017-06-01T06:34:55,121.471,24.653,31.0
2017-06-01T06:43:47,121.835,24.595,27.0
2017-06-01T06:40:01,120.541,24.069,7.0
2017-06-01T06:40:15,120.266,23.089,10.0
2017-06-01T06:34:50,128.69,34.892,48.0
2017-06-01T06:36:49,121.238,24.956,15.0
2017-06-01T06:43:09,120.663,24.117,25.0
2017-06-01T06:36:41,121.249,24.918,12.0
2017-06-01T06:22:43,121.549,25.053,35.0
2017-06-01T06:14:52,121.252,24.913,8.0
2017-06-01T06:43:58,121.204,25.072,13.0
2017-06-01T06:42:36,121.056,24.755,7.0
2017-06-01T06:21:26,120.331,22.724,14.0
2017-06-01T06:33:31,121.409,24.932,7.0
2017-06-01T06:41:28,128.752,35.502,41.0
2017-06-01T06:42:30,127.824,34.985,50.0
2017-06-01T06:38:13,127.955,35.297,40.0
2017-06-01T06:34:52,121.398,24.686,6.0
2017-06-01T06:28:31,120.3,22.662,12.0
2017-06-01T06:15:25,120.667,24.13,18.0
2017-06-01T06:39:49,120.481,23.958,12.0
2017-06-01T06:36:10,120.54,23.702,12.0
2017-06-01T06:43:56,120.613,24.181,11.0
2017-06-01T06:27:09,120.674,24.151,29.0
2017-06-01T06:26:29,121.374,25.03,13.0
2017-06-01T06:32:58,121.371,25.057,15.0
2017-06-01T06:33:30,121.579,25.043,8.0
2017-06-01T06:34:29,121.525,25.098,4.0
2017-06-01T06:41:04,120.685,24.196,17.0
2017-06-01T06:30:25,121.771,24.677,28.0
2017-06-01T06:33:03,121.548,25.049,10.0
2017-06-01T06:33:04,120.581,24.088,9.0
2017-06-01T06:42:13,121.137,25.013,10.0
2017-06-01T06:09:36,128.689,35.227,46.0
2017-06-01T05:56:03,120.705,24.215,18.0
2017-06-01T06:33:25,120.637,24.156,27.0
2017-06-01T06:30:57,121.516,25.008,11.0
2017-06-01T06:22:38,121.222,25.085,15.0
2017-06-01T06:27:39,121.524,25.149,20.0
2017-06-01T06:31:12,120.614,24.19,11.0
2017-06-01T06:37:33,120.286,23.848,13.0
2017-06-01T06:38:22,121.21,24.94,12.0
2017-06-01T06:36:40,121.194,24.83,10.0
2017-06-01T06:33:33,121.215,24.856,10.0
2017-06-01T06:17:59,120.222,22.983,0.0
2017-06-01T06:43:04,121.265,24.883,9.0
2017-06-01T06:20:30,121.543,25.024,8.0
2017-06-01T06:41:05,121.294,24.873,12.0
2017-06-01T06:27:43,121.346,24.99,9.0
2017-06-01T06:35:35,120.617,24.175,13.0
2017-06-01T06:42:57,120.325,22.665,15.0
2017-06-01T06:33:20,120.724,24.134,10.0
2017-06-01T06:11:13,121.536,25.11,14.0
2017-06-01T06:37:04,121.257,24.953,14.0
2017-06-01T06:33:28,120.595,24.187,14.0
2017-06-01T06:30:57,120.332,22.628,8.0
2017-06-01T06:40:39,121.35,24.819,6.0
2017-06-01T06:42:47,121.57,25.141,15.0
2017-06-01T06:35:15,121.516,25.035,9.0
2017-06-01T06:29:54,128.688,35.234,51.0
2017-06-01T06:02:49,120.631,24.214,21.0
2017-06-01T06:31:06,120.578,24.174,12.0
2017-06-01T06:31:03,121.528,25.112,13.0
2017-06-01T06:33:18,121.264,24.936,12.0
2017-06-01T06:40:09,120.638,24.161,11.0
2017-06-01T06:40:47,121.23,25.06,17.0
2017-06-01T06:41:47,121.298,24.935,12.0
2017-06-01T06:35:37,120.453,23.468,21.0
2017-06-01T06:29:01,121.382,25.052,15.0
2017-06-01T06:40:50,121.57,24.999,9.0
2017-06-01T06:32:52,121.538,24.967,10.0
2017-06-01T06:40:34,120.675,24.158,14.0
2017-06-01T06:29:35,121.319,24.994,11.0
2017-06-01T06:43:02,128.303,35.291,43.0
2017-06-01T06:30:28,128.41,34.948,46.0
2017-06-01T06:38:17,139.903,35.706,5.0
2017-06-01T06:33:21,128.092,35.083,47.0
2017-06-01T06:21:23,120.621,24.107,19.0
2017-06-01T06:43:20,128.715,35.155,52.0
2017-06-01T06:38:14,121.582,25.062,1.0
2017-06-01T06:32:49,121.618,25.003,17.0
2017-06-01T06:26:41,120.789,23.763,9.0
2017-06-01T06:21:20,121.557,24.989,13.0
2017-06-01T06:36:43,120.27,23.322,10.0
2017-06-01T06:06:05,121.254,25.039,14.0
2017-06-01T06:42:26,121.576,25.297,18.0
2017-06-01T06:36:21,121.561,25.043,9.0
2017-06-01T06:37:49,120.26,23.329,13.0
2017-06-01T06:40:31,120.222,22.996,4.0
2017-06-01T05:55:57,120.755,23.741,12.0
2017-06-01T06:30:47,121.0,24.784,7.0
2017-06-01T06:42:55,120.708,24.308,17.0
2017-06-01T05:56:50,120.202,23.02,3.0
2017-06-01T06:28:17,121.499,25.037,41.0
2017-06-01T06:30:31,120.638,24.147,29.0
2017-06-01T06:09:50,121.507,25.084,9.0
2017-06-01T06:28:12,121.848,24.905,42.0
2017-06-01T06:12:19,120.98,24.833,13.0
2017-06-01T06:33:38,128.244,35.322,44.0
2017-06-01T06:41:57,120.681,23.76,10.0
2017-06-01T06:33:16,127.153,37.455,30.0
2017-06-01T06:23:54,120.658,24.137,22.0
2017-06-01T06:42:18,120.695,24.164,17.0
2017-06-01T06:23:51,103.896,1.301,11.0
2017-06-01T06:18:26,121.529,25.02,8.0
2017-06-01T06:24:24,120.337,22.679,18.0
2017-06-01T06:40:02,127.099,37.46,29.0
2017-06-01T06:41:35,121.562,25.056,22.0
2017-06-01T06:29:21,121.516,25.061,14.0
2017-06-01T06:38:11,120.547,24.194,12.0
2017-06-01T06:43:57,120.543,23.992,15.0
2017-06-01T06:38:29,121.54,24.989,6.0
2017-06-01T06:28:18,120.636,24.166,4.0
2017-06-01T06:42:33,121.525,25.034,9.0
2017-06-01T06:42:21,121.492,25.033,9.0
2017-06-01T06:20:48,121.095,24.919,13.0
2017-06-01T06:20:23,120.545,24.064,4.0
2017-06-01T06:42:03,136.619,36.576,20.0
2017-06-01T06:17:48,120.315,22.666,7.0
2017-06-01T06:41:33,121.169,24.886,12.0
2017-06-01T06:41:28,120.715,24.308,0.0
2017-06-01T06:33:28,120.656,24.136,11.0
2017-06-01T06:34:46,121.462,25.133,14.0
2017-06-01T06:03:09,120.635,24.175,16.0
2017-06-01T06:24:09,120.681,24.163,13.0
2017-06-01T06:40:48,121.507,25.046,12.0
2017-06-01T06:42:58,120.763,24.174,13.0
2017-06-01T06:22:40,120.817,24.543,23.0
2017-06-01T06:41:39,121.553,25.013,9.0
2017-06-01T06:30:39,121.582,25.062,2.0
2017-06-01T06:38:05,121.615,25.069,6.0
2017-06-01T06:28:16,120.719,24.314,23.0
2017-06-01T06:41:59,120.287,22.632,15.0
2017-06-01T06:41:11,120.592,22.69,8.0
2017-06-01T06:35:49,121.027,24.768,13.0
2017-06-01T06:22:50,120.696,24.082,13.0
2017-06-01T06:34:30,120.633,24.151,26.0
2017-06-01T06:43:06,120.655,24.143,27.0
2017-06-01T06:27:20,120.61,24.186,11.0
2017-06-01T06:33:05,121.591,25.078,3.0
2017-06-01T06:37:05,120.546,24.093,11.0
2017-06-01T06:39:54,120.552,24.05,9.0
2017-06-01T06:41:30,120.655,24.152,17.0
2017-06-01T06:37:44,120.694,24.18,17.0
2017-06-01T06:42:04,120.286,22.663,13.0
2017-06-01T06:42:45,121.537,25.005,6.0
2017-06-01T06:14:54,120.648,24.141,15.0
2017-06-01T06:26:52,121.097,24.973,15.0
2017-06-01T06:41:40,121.515,24.966,9.0
2017-06-01T06:34:07,121.451,25.062,0.0
2017-06-01T06:41:18,129.332,35.626,50.0
2017-06-01T06:34:33,121.191,24.966,16.0
2017-06-01T06:37:32,128.163,35.565,19.0
2017-06-01T06:42:19,120.561,24.204,13.0
2017-06-01T06:42:10,120.551,24.071,12.0
2017-06-01T06:33:57,120.598,23.719,22.0
2017-06-01T06:41:59,121.18,24.843,9.0
2017-06-01T06:37:56,128.663,35.244,44.0
2017-06-01T06:17:56,120.202,22.984,6.0
2017-06-01T06:21:28,120.996,24.795,12.0
2017-06-01T06:39:52,6.453,51.15,1.0
2017-06-01T06:32:37,121.493,25.031,11.0
2017-06-01T06:42:29,121.572,25.083,12.0
2017-06-01T06:34:36,121.215,25.081,16.0
2017-06-01T06:32:53,121.222,25.093,12.0
2017-06-01T06:26:49,121.52,25.071,15.0
2017-06-01T06:43:36,120.554,24.083,9.0
2017-06-01T06:43:54,120.202,22.984,13.0
2017-06-01T06:43:13,121.125,24.682,4.0
2017-06-01T06:39:58,121.215,24.959,6.0
2017-06-01T06:40:00,127.067,37.195,24.0
2017-06-01T06:40:09,120.512,24.126,15.0
2017-06-01T06:37:39,120.6,15.167,51.0
2017-06-01T05:56:06,120.602,24.184,15.0
2017-06-01T06:42:02,120.635,24.136,15.0
2017-06-01T06:41:05,121.794,24.627,28.0
2017-06-01T06:40:17,121.524,25.072,11.0
2017-06-01T06:22:31,128.596,35.247,44.0
2017-06-01T06:43:42,120.551,24.069,6.0
2017-06-01T06:36:01,128.67,35.217,22.0
2017-06-01T06:30:24,128.496,35.543,40.0
2017-06-01T06:35:49,128.083,34.93,53.0
2017-06-01T06:38:27,128.866,35.189,47.0
2017-06-01T06:43:11,126.969,37.577,29.0
2017-06-01T06:33:11,121.541,25.015,8.0
2017-06-01T06:05:14,121.557,25.029,11.0
2017-06-01T06:29:58,120.673,24.25,16.0
2017-06-01T06:33:34,128.557,35.146,50.0
2017-06-01T06:40:25,127.795,34.971,52.0
2017-06-01T06:36:26,128.114,35.206,44.0
2017-06-01T06:23:47,121.201,24.994,12.0
2017-06-01T06:35:16,121.049,25.005,10.0
2017-06-01T06:43:01,121.179,24.907,12.0
2017-06-01T06:25:01,120.299,23.459,9.0
2017-06-01T05:56:25,128.457,35.273,44.0
2017-06-01T06:33:17,121.214,22.879,23.0
2017-06-01T06:29:33,120.631,24.123,18.0
2017-06-01T06:11:42,-65.399,-24.788,13.0
2017-06-01T06:38:19,121.503,25.089,13.0
2017-06-01T06:43:03,121.392,24.961,16.0
2017-06-01T06:44:00,121.535,25.023,9.0
2017-06-01T06:20:35,121.226,24.945,10.0
2017-06-01T06:40:47,121.53,25.098,17.0
2017-06-01T06:36:48,120.321,22.648,0.0
2017-06-01T06:40:46,121.576,25.06,10.0
2017-06-01T06:34:42,120.767,23.739,14.0
2017-06-01T06:34:29,120.431,23.471,14.0
2017-06-01T06:18:23,121.773,25.136,29.0
2017-06-01T06:32:47,120.287,22.632,11.0
2017-06-01T06:42:08,120.968,24.767,10.0
2017-06-01T05:59:47,121.602,25.263,11.0
2017-06-01T06:27:22,121.295,24.89,8.0
2017-06-01T06:42:18,121.786,24.637,24.0
2017-06-01T06:01:09,121.296,25.047,30.0
2017-06-01T06:42:46,121.796,24.624,30.0
2017-06-01T06:04:27,121.52,25.04,12.0
2017-06-01T06:37:26,120.226,22.996,4.0
2017-06-01T06:26:59,121.551,25.082,14.0
2017-06-01T06:34:27,121.357,24.988,11.0
2017-06-01T06:39:56,121.799,24.638,30.0
2017-06-01T06:18:09,121.496,25.134,19.0
2017-06-01T06:40:25,120.725,24.145,15.0
2017-06-01T06:42:40,127.732,35.523,28.0
2017-06-01T06:18:35,120.217,23.046,6.0
2017-06-01T06:38:34,121.536,25.073,10.0
2017-06-01T06:35:37,121.548,25.038,10.0
2017-06-01T06:36:47,120.614,24.179,17.0
2017-06-01T06:33:15,121.511,24.998,10.0
2017-06-01T06:43:57,121.258,24.974,14.0
2017-06-01T06:38:14,120.79,23.827,9.0
2017-06-01T06:37:28,121.005,24.828,10.0
2017-06-01T06:40:21,120.198,22.992,7.0
2017-06-01T06:42:40,120.3,22.669,16.0
2017-06-01T06:41:00,121.523,25.058,9.0
2017-06-01T06:11:59,121.777,24.648,25.0
2017-06-01T06:42:43,120.637,24.165,3.0
2017-06-01T06:42:59,121.183,24.924,13.0
2017-06-01T06:28:14,120.636,24.165,11.0
2017-06-01T06:43:56,121.143,24.912,14.0
2017-06-01T06:12:07,121.192,24.97,13.0
2017-06-01T06:27:04,120.652,24.131,23.0
2017-06-01T06:33:38,121.028,22.702,4.0
2017-06-01T06:34:35,120.422,24.028,22.0
2017-06-01T06:42:44,120.698,24.186,18.0
2017-06-01T06:15:22,106.828,-6.138,2.0
2017-06-01T06:43:06,120.566,24.266,12.0
2017-06-01T06:42:04,120.652,24.173,19.0
2017-06-01T06:41:21,121.54,25.017,9.0
2017-06-01T06:34:09,121.562,25.058,14.0
2017-06-01T06:14:10,121.169,24.891,22.0
2017-06-01T06:37:11,121.833,24.62,30.0
2017-06-01T06:33:05,121.521,25.283,22.0
2017-06-01T06:43:53,121.541,25.063,13.0
2017-06-01T06:36:03,121.443,25.031,13.0
2017-06-01T06:39:41,121.835,24.596,33.0
2017-06-01T06:32:28,121.471,22.673,5.0
2017-06-01T06:36:50,121.256,24.983,13.0
2017-06-01T06:27:39,120.465,23.792,9.0
2017-06-01T06:37:47,120.546,23.717,11.0
2017-06-01T06:43:16,120.636,24.165,2.0
2017-06-01T06:41:38,120.745,24.354,0.0
2017-06-01T06:43:44,121.614,25.04,9.0
2017-06-01T06:14:54,120.301,22.688,6.0
2017-06-01T06:28:29,127.057,36.776,36.0
2017-06-01T06:43:47,121.22,24.953,15.0
2017-06-01T06:36:25,121.263,24.962,15.0
2017-06-01T06:06:51,121.58,25.063,3.0
2017-06-01T06:39:46,121.538,25.017,17.0
2017-06-01T06:33:41,121.203,24.944,16.0
2017-06-01T06:40:39,126.967,37.217,23.0
2017-06-01T06:32:43,120.701,24.067,12.0
2017-06-01T06:39:42,120.324,22.652,13.0
2017-06-01T06:36:38,128.53,34.918,49.0
2017-06-01T06:29:32,120.455,23.495,12.0
2017-06-01T06:43:26,120.468,23.553,17.0
2017-06-01T06:35:22,120.613,24.184,13.0
2017-06-01T06:42:53,126.716,35.975,38.0
2017-06-01T06:24:12,118.316,24.436,6.0
2017-06-01T06:42:14,121.281,24.855,8.0
2017-06-01T06:18:27,120.533,24.063,8.0
2017-06-01T06:10:46,120.547,24.084,14.0
2017-06-01T06:07:42,129.026,35.304,43.0
2017-06-01T06:15:44,128.817,35.097,51.0
2017-06-01T06:28:09,121.292,24.92,9.0
2017-06-01T06:43:59,120.443,23.483,11.0
2017-06-01T06:38:32,128.267,35.32,43.0
2017-06-01T06:39:57,128.918,35.231,52.0
2017-06-01T06:38:33,121.571,25.08,17.0
2017-06-01T06:33:18,107.608,-6.886,23.0
2017-06-01T06:38:00,128.568,35.221,49.0
2017-06-01T06:35:04,128.114,35.205,39.0
2017-06-01T06:23:38,121.553,25.054,12.0
2017-06-01T06:14:38,120.723,24.162,15.0
2017-06-01T06:42:50,126.91,37.55,26.0
2017-06-01T06:36:14,120.362,23.879,15.0
2017-06-01T06:40:27,128.805,35.201,41.0
2017-06-01T06:09:32,120.651,24.216,20.0
2017-06-01T06:43:52,120.551,24.069,7.0
2017-06-01T06:38:26,121.576,24.99,15.0
2017-06-01T06:40:58,120.558,24.085,11.0
2017-06-01T06:29:51,120.622,24.113,15.0
2017-06-01T06:29:52,121.213,24.897,13.0
2017-06-01T06:27:40,120.568,23.963,23.0
2017-06-01T06:31:18,120.573,24.165,34.0
2017-06-01T06:43:10,120.454,23.487,22.0
2017-06-01T06:36:30,128.598,35.254,49.0
2017-06-01T06:01:22,121.213,25.007,14.0
2017-06-01T06:27:14,128.643,35.25,50.0
2017-06-01T06:01:27,121.563,25.031,7.0
2017-06-01T06:34:50,121.593,25.053,10.0
2017-06-01T06:33:03,120.316,23.319,6.0
2017-06-01T06:40:10,120.916,24.711,10.0
2017-06-01T06:40:53,121.293,25.017,14.0
2017-06-01T06:32:51,121.5,25.036,65.0
2017-06-01T06:35:47,121.458,25.012,9.0
2017-06-01T06:34:18,121.842,24.626,48.0
2017-06-01T06:43:44,121.853,24.615,39.0
2017-06-01T06:24:11,121.36,24.711,11.0
2017-06-01T06:36:09,121.59,25.061,9.0
2017-06-01T06:43:14,121.223,24.936,12.0
2017-06-01T06:27:20,121.541,25.045,14.0
2017-06-01T06:42:00,121.611,25.067,11.0
2017-06-01T06:43:51,120.539,24.06,12.0
2017-06-01T06:11:32,121.549,25.078,12.0
2017-06-01T06:23:54,120.196,23.015,0.0
2017-06-01T06:23:53,120.717,24.197,23.0
2017-06-01T06:37:19,121.389,25.041,15.0
2017-06-01T06:42:26,121.173,25.065,14.0
2017-06-01T06:38:11,121.262,24.967,16.0
2017-06-01T05:51:25,120.667,24.112,11.0
2017-06-01T06:28:00,121.451,25.062,11.0
2017-06-01T06:38:18,120.669,24.158,14.0
2017-06-01T06:38:35,120.587,23.852,11.0
2017-06-01T06:32:59,121.256,25.076,17.0
2017-06-01T06:09:16,121.321,25.008,10.0
2017-06-01T06:15:27,120.639,24.141,3.0
2017-06-01T06:36:47,129.042,35.345,50.0
2017-06-01T06:27:01,120.649,24.178,11.0
2017-06-01T06:21:44,130.423,33.588,41.0
2017-06-01T06:42:27,121.556,25.028,10.0
2017-06-01T06:32:33,120.463,23.482,15.0
2017-06-01T06:44:00,121.527,25.048,10.0
2017-06-01T06:26:22,121.442,25.19,15.0
2017-06-01T06:20:46,121.308,25.02,13.0
2017-06-01T06:35:59,121.218,24.958,3.0
2017-06-01T06:01:34,121.302,24.955,8.0
2017-06-01T06:41:37,120.637,24.148,20.0
2017-06-01T06:40:07,121.688,24.679,25.0
2017-06-01T06:40:17,121.716,24.688,28.0
2017-06-01T05:56:07,121.811,24.625,33.0
2017-06-01T06:36:07,121.537,25.015,9.0
2017-06-01T06:32:29,121.869,24.576,36.0
2017-06-01T06:40:28,120.66,24.138,24.0
2017-06-01T06:42:39,120.699,24.105,15.0
2017-06-01T06:26:40,120.667,24.169,21.0
2017-06-01T06:32:33,120.462,23.547,13.0
2017-06-01T06:28:55,121.374,25.078,16.0
2017-06-01T06:40:54,126.894,37.483,31.0
2017-06-01T06:33:02,121.218,24.863,10.0
2017-06-01T06:36:38,121.55,25.033,10.0
2017-06-01T06:43:28,120.79,21.949,16.0
2017-06-01T06:42:10,121.524,25.025,0.0
2017-06-01T06:39:59,120.645,24.135,12.0
2017-06-01T06:36:39,101.517,3.074,17.0
2017-06-01T06:33:37,120.522,24.119,13.0
2017-06-01T06:16:38,120.529,23.692,8.0
2017-06-01T06:35:24,128.755,35.247,49.0
2017-06-01T06:41:13,120.713,24.305,25.0
2017-06-01T06:38:00,120.56,24.195,11.0
2017-06-01T06:37:19,121.34,24.993,13.0
2017-06-01T06:21:00,121.502,25.131,15.0
2017-06-01T06:41:50,121.272,24.991,17.0
2017-06-01T06:40:22,121.743,24.627,32.0
2017-06-01T06:28:50,120.643,24.133,15.0
2017-06-01T06:35:19,121.582,25.062,2.0
2017-06-01T06:39:50,120.662,24.198,21.0
2017-06-01T06:41:36,120.601,24.179,13.0
2017-06-01T06:41:10,101.701,3.168,29.0
2017-06-01T06:42:54,120.715,24.14,16.0
2017-06-01T06:42:38,121.451,25.062,26.0
2017-06-01T06:07:36,129.06,35.416,50.0
2017-06-01T06:03:32,128.402,35.278,45.0
2017-06-01T06:42:57,127.847,35.736,27.0
2017-06-01T06:07:18,121.17,24.91,9.0
2017-06-01T06:33:12,121.586,25.078,16.0
2017-06-01T06:20:52,120.353,22.636,11.0
2017-06-01T06:15:29,121.496,25.073,16.0
2017-06-01T05:55:39,120.673,24.03,13.0
2017-06-01T06:34:43,120.453,23.53,13.0
2017-06-01T06:40:04,121.57,25.141,19.0
2017-06-01T06:36:27,120.693,23.862,13.0
2017-06-01T06:18:07,121.325,24.892,7.0
2017-06-01T06:32:52,121.289,24.85,7.0
2017-06-01T06:41:09,127.067,37.195,20.0
2017-06-01T06:26:44,120.221,22.997,3.0
2017-06-01T06:35:36,120.995,24.78,3.0
2017-06-01T06:36:36,121.613,25.036,13.0
2017-06-01T06:32:57,120.3,22.804,6.0
2017-06-01T06:32:56,120.499,24.122,16.0
2017-06-01T06:32:44,121.305,24.951,11.0
2017-06-01T06:32:48,128.752,35.502,35.0
2017-06-01T06:41:00,120.285,22.725,10.0
2017-06-01T06:27:35,127.955,35.297,39.0
2017-06-01T06:32:48,127.04,37.471,56.0
2017-06-01T06:21:30,128.698,35.205,51.0
2017-06-01T06:15:34,121.567,25.059,11.0
2017-06-01T06:21:22,121.499,25.037,16.0
2017-06-01T06:38:17,120.666,24.143,17.0
2017-06-01T06:28:59,120.65,24.154,19.0
2017-06-01T06:42:29,120.657,24.141,21.0
2017-06-01T06:40:32,128.686,35.157,48.0
2017-06-01T06:43:49,121.217,24.949,14.0
2017-06-01T06:42:04,120.631,23.832,34.0
2017-06-01T05:56:06,121.81,24.629,28.0
2017-06-01T05:56:59,120.299,23.558,12.0
2017-06-01T06:43:44,120.425,22.58,48.0
2017-06-01T06:42:05,121.12,25.037,16.0
2017-06-01T06:41:03,121.116,24.978,18.0
2017-06-01T06:38:12,121.557,25.043,8.0
2017-06-01T06:43:52,120.323,22.613,16.0
2017-06-01T06:38:03,121.143,25.045,15.0
2017-06-01T06:41:14,120.55,24.089,2.0
2017-06-01T06:31:00,121.009,24.948,18.0
2017-06-01T06:29:23,127.752,37.888,82.0
2017-06-01T06:36:50,120.743,24.263,13.0
2017-06-01T06:41:47,121.316,24.982,14.0
2017-06-01T06:30:34,121.058,25.021,17.0
2017-06-01T06:38:28,121.508,25.046,9.0
2017-06-01T06:29:23,121.102,25.013,11.0
2017-06-01T06:38:22,120.372,23.189,6.0
2017-06-01T05:57:39,120.429,24.047,22.0
2017-06-01T06:29:46,120.355,22.972,6.0
2017-06-01T06:41:07,121.512,25.115,16.0
2017-06-01T06:26:49,120.735,24.252,29.0
2017-06-01T06:41:25,120.565,23.885,0.0
2017-06-01T06:44:01,128.101,35.173,45.0
2017-06-01T06:36:37,127.973,35.059,51.0
2017-06-01T06:33:29,128.19,34.945,49.0
2017-06-01T06:22:08,120.656,24.018,13.0
2017-06-01T06:42:56,129.067,35.415,51.0
2017-06-01T06:42:51,129.028,35.375,46.0
2017-06-01T06:34:14,129.075,35.449,47.0
2017-06-01T06:28:29,120.33,22.63,18.0
2017-06-01T06:27:03,120.942,24.309,8.0
2017-06-01T06:34:23,121.306,25.017,12.0
2017-06-01T06:43:08,120.468,23.961,15.0
2017-06-01T06:44:06,121.163,24.936,12.0
2017-06-01T06:41:24,120.61,24.184,10.0
2017-06-01T06:40:38,121.144,24.905,15.0
2017-06-01T06:40:05,120.251,23.051,10.0
2017-06-01T06:41:52,120.568,24.156,13.0
2017-06-01T06:01:34,120.275,22.977,6.0
2017-06-01T06:40:50,121.556,24.988,9.0
2017-06-01T06:30:07,101.695,3.047,22.0
2017-06-01T06:41:15,120.497,22.676,4.0
2017-06-01T06:34:18,121.446,25.045,9.0
2017-06-01T06:38:25,121.244,25.103,16.0
2017-06-01T06:33:08,120.644,24.151,35.0
2017-06-01T06:23:58,120.698,24.252,26.0
2017-06-01T06:43:30,120.715,24.164,18.0
2017-06-01T06:33:35,120.314,22.678,5.0
2017-06-01T06:29:22,121.499,25.023,9.0
2017-06-01T06:34:49,121.187,24.967,13.0
2017-06-01T06:21:19,121.54,25.017,10.0
2017-06-01T06:38:10,121.57,25.047,12.0
2017-06-01T06:32:40,120.996,24.791,8.0
2017-06-01T06:27:56,120.714,24.157,12.0
2017-06-01T06:43:48,120.645,24.158,18.0
2017-06-01T06:29:44,120.797,24.24,13.0
2017-06-01T06:37:42,120.664,24.157,1.0
2017-06-01T06:44:05,121.233,24.953,11.0
2017-06-01T06:31:06,121.03,24.826,12.0
2017-06-01T06:35:06,120.563,22.607,3.0
2017-06-01T06:42:48,120.536,22.543,9.0
2017-06-01T06:33:50,121.54,25.03,8.0
2017-06-01T05:56:01,121.807,24.803,39.0
2017-06-01T06:33:35,120.329,23.29,8.0
2017-06-01T06:09:58,121.732,24.724,24.0
2017-06-01T06:31:17,121.576,25.003,16.0
2017-06-01T06:27:15,121.783,24.8,41.0
2017-06-01T06:26:55,121.56,25.033,3.0
2017-06-01T06:23:46,120.674,24.183,19.0
2017-06-01T06:35:56,129.331,35.625,57.0
2017-06-01T05:55:04,120.653,24.118,17.0
2017-06-01T06:26:24,121.845,24.595,39.0
2017-06-01T06:41:49,121.548,25.102,11.0
2017-06-01T06:35:25,120.696,24.15,29.0
2017-06-01T06:37:25,121.621,25.039,11.0
2017-06-01T06:33:42,120.639,24.142,12.0
2017-06-01T06:27:12,121.167,24.93,16.0
2017-06-01T06:30:48,121.288,24.879,7.0
2017-06-01T06:40:58,121.793,24.698,43.0
2017-06-01T06:12:35,120.49,22.662,7.0
2017-06-01T06:24:36,121.62,25.037,9.0
2017-06-01T06:27:44,121.443,25.084,25.0
2017-06-01T06:41:50,121.318,24.981,10.0
2017-06-01T06:22:16,120.613,24.143,15.0
2017-06-01T06:32:48,127.748,35.066,40.0
2017-06-01T06:43:56,120.707,24.303,17.0
2017-06-01T06:37:57,121.571,25.035,12.0
2017-06-01T06:40:06,121.619,25.04,10.0
2017-06-01T06:41:54,120.729,24.313,12.0
2017-06-01T06:14:06,121.525,25.034,9.0
2017-06-01T06:29:19,120.735,24.122,15.0
2017-06-01T06:42:03,120.327,22.659,29.0
2017-06-01T06:17:43,129.028,35.375,50.0
2017-06-01T06:20:14,126.716,35.975,36.0
2017-06-01T06:18:49,121.104,24.926,14.0
2017-06-01T06:43:24,128.579,35.219,45.0
2017-06-01T06:43:33,127.795,34.971,61.0
2017-06-01T06:42:02,128.161,35.171,48.0
2017-06-01T06:41:57,120.624,24.355,14.0
2017-06-01T06:14:51,121.521,23.6,25.0
2017-06-01T06:28:58,120.325,22.638,11.0
2017-06-01T06:23:00,120.648,24.161,13.0
2017-06-01T06:40:42,121.288,24.881,8.0
2017-06-01T06:36:45,121.229,24.942,15.0
2017-06-01T06:41:53,121.366,25.069,12.0
2017-06-01T06:40:44,120.564,23.994,14.0
2017-06-01T06:36:21,121.57,25.296,20.0
2017-06-01T06:37:27,121.318,24.999,13.0
2017-06-01T06:43:29,127.048,37.223,23.0
2017-06-01T06:43:53,121.517,25.001,11.0
2017-06-01T06:43:16,121.538,25.019,9.0
2017-06-01T06:38:24,121.249,24.993,17.0
2017-06-01T06:41:50,128.579,35.219,45.0
2017-06-01T06:35:32,128.545,35.237,35.0
2017-06-01T06:40:11,128.693,34.897,38.0
2017-06-01T06:14:54,120.644,24.131,21.0
2017-06-01T06:43:39,127.048,37.223,23.0
2017-06-01T06:37:23,120.694,24.152,24.0
