2017-06-01T06:15:35,120.222,22.982,4.0
2017-06-01T05:49:57,121.535,25.053,15.0
2017-06-01T06:17:35,120.61,24.187,15.0
2017-06-01T06:16:09,120.641,24.151,15.0
2017-06-01T06:07:27,120.564,24.215,13.0
2017-06-01T05:59:59,120.312,22.66,4.0
2017-06-01T05:55:53,120.216,23.011,4.0
2017-06-01T06:15:21,121.513,25.064,13.0
2017-06-01T06:00:52,121.552,25.035,13.0
2017-06-01T06:14:07,121.513,25.053,13.0
2017-06-01T06:12:39,121.57,24.99,10.0
2017-06-01T05:55:52,121.734,25.143,31.0
2017-06-01T06:18:00,121.473,25.03,10.0
2017-06-01T06:16:00,120.595,24.188,10.0
2017-06-01T06:16:28,120.2,23.131,5.0
2017-06-01T05:49:44,121.443,25.05,7.0
2017-06-01T05:32:17,121.149,24.896,10.0
2017-06-01T06:18:00,120.642,24.407,18.0
2017-06-01T06:11:11,120.538,24.086,12.0
2017-06-01T06:17:32,121.214,24.94,8.0
2017-06-01T05:55:43,120.696,24.173,8.0
2017-06-01T06:10:19,120.345,23.531,9.0
2017-06-01T06:12:26,120.64,24.14,22.0
2017-06-01T06:14:06,121.525,25.034,9.0
2017-06-01T06:17:13,120.418,23.464,5.0
2017-06-01T06:14:57,120.675,24.157,23.0
2017-06-01T06:17:20,120.637,24.165,10.0
2017-06-01T06:06:20,120.3,22.686,3.0
2017-06-01T06:16:53,120.457,23.594,12.0
2017-06-01T05:55:45,120.425,22.58,34.0
2017-06-01T06:17:16,120.558,24.085,12.0
2017-06-01T06:08:54,121.546,25.015,9.0
2017-06-01T06:12:34,121.556,25.028,26.0
2017-06-01T06:14:47,120.666,24.18,16.0
2017-06-01T06:17:34,120.731,24.16,7.0
2017-06-01T06:07:16,120.356,22.666,21.0
2017-06-01T05:55:59,120.735,24.159,15.0
2017-06-01T05:28:03,121.431,25.015,13.0
2017-06-01T06:10:12,121.616,25.057,7.0
2017-06-01T06:09:17,120.507,22.68,7.0
2017-06-01T06:07:21,120.72,24.17,4.0
2017-06-01T06:05:40,121.747,24.751,29.0
2017-06-01T06:18:48,121.519,25.115,19.0
2017-06-01T05:57:02,120.682,24.166,14.0
2017-06-01T06:16:41,121.545,25.027,9.0
2017-06-01T06:11:49,121.251,24.974,11.0
2017-06-01T06:16:40,120.419,23.897,13.0
2017-06-01T06:15:13,120.158,22.991,8.0
2017-06-01T05:56:09,120.317,22.61,3.0
2017-06-01T05:55:29,120.332,22.628,2.0
2017-06-01T06:07:20,126.716,35.975,42.0
2017-06-01T06:15:14,120.669,24.176,0.0
2017-06-01T05:38:42,121.081,25.037,19.0
2017-06-01T06:07:30,121.145,24.964,12.0
2017-06-01T06:00:25,121.215,24.941,8.0
2017-06-01T05:59:47,121.602,25.263,11.0
2017-06-01T06:07:37,121.582,25.062,2.0
2017-06-01T05:56:40,127.91,35.687,23.0
2017-06-01T05:58:13,120.631,24.153,19.0
2017-06-01T06:18:22,120.697,24.057,15.0
2017-06-01T06:15:26,121.551,25.079,12.0
2017-06-01T06:02:54,121.221,24.964,10.0
2017-06-01T06:06:17,120.582,24.226,15.0
2017-06-01T06:12:10,120.663,24.116,26.0
2017-06-01T05:47:10,128.692,35.211,50.0
2017-06-01T06:11:20,120.612,24.055,24.0
2017-06-01T06:05:54,120.631,24.123,13.0
2017-06-01T05:49:28,121.282,24.945,11.0
2017-06-01T05:55:42,126.969,37.577,32.0
2017-06-01T06:18:11,129.067,35.415,39.0
2017-06-01T05:56:11,128.687,35.234,45.0
2017-06-01T05:56:14,128.69,34.892,59.0
2017-06-01T06:06:40,128.402,35.277,46.0
2017-06-01T06:10:26,128.417,34.876,49.0
2017-06-01T06:11:22,128.124,35.187,45.0
2017-06-01T06:07:04,128.557,35.173,43.0
2017-06-01T06:10:18,121.357,24.988,10.0
2017-06-01T06:01:10,128.545,35.238,43.0
2017-06-01T05:31:31,127.732,35.523,36.0
2017-06-01T06:18:41,126.903,37.533,23.0
2017-06-01T06:17:21,128.121,34.929,42.0
2017-06-01T06:11:06,128.557,35.176,46.0
2017-06-01T06:04:16,129.074,35.449,46.0
2017-06-01T05:49:24,120.485,23.467,5.0
2017-06-01T06:02:47,120.372,23.189,9.0
2017-06-01T06:11:21,121.519,25.012,12.0
2017-06-01T06:07:40,128.68,35.235,41.0
2017-06-01T05:27:12,121.201,25.065,16.0
2017-06-01T05:37:54,128.098,34.942,80.0
2017-06-01T05:38:44,128.663,35.244,43.0
2017-06-01T06:03:04,121.141,24.892,10.0
2017-06-01T06:10:26,121.231,24.95,10.0
2017-06-01T06:16:12,121.451,25.062,11.0
2017-06-01T06:09:29,103.92,1.306,23.0
2017-06-01T06:14:11,121.202,24.953,11.0
2017-06-01T05:23:54,121.374,25.078,16.0
2017-06-01T06:03:13,121.768,24.662,25.0
2017-06-01T05:49:47,121.766,24.728,31.0
2017-06-01T05:59:37,120.661,24.13,7.0
2017-06-01T05:56:28,120.638,24.179,17.0
2017-06-01T06:17:01,121.865,24.582,35.0
2017-06-01T06:16:39,121.743,24.627,29.0
2017-06-01T06:07:25,121.297,25.06,20.0
2017-06-01T06:15:36,121.55,25.081,11.0
2017-06-01T06:04:56,121.766,24.823,33.0
2017-06-01T06:17:15,121.536,25.018,9.0
2017-06-01T06:11:59,121.777,24.648,25.0
2017-06-01T06:17:04,120.614,24.35,13.0
2017-06-01T06:18:51,120.711,24.146,22.0
2017-06-01T06:01:04,120.67,24.119,14.0
2017-06-01T06:03:23,121.498,25.023,12.0
2017-06-01T06:07:03,121.613,25.036,9.0
2017-06-01T06:06:58,121.149,24.91,10.0
2017-06-01T06:17:18,121.137,24.918,13.0
2017-06-01T06:06:10,121.458,25.012,8.0
2017-06-01T06:18:23,118.452,24.461,17.0
2017-06-01T05:51:38,121.297,25.047,17.0
2017-06-01T05:44:14,105.847,21.004,24.0
2017-06-01T06:05:34,120.649,24.143,16.0
2017-06-01T06:11:48,121.832,24.526,29.0
2017-06-01T06:07:23,121.795,24.648,30.0
2017-06-01T06:06:03,120.478,22.674,2.0
2017-06-01T06:15:09,121.404,24.809,9.0
2017-06-01T06:17:03,120.603,24.394,13.0
2017-06-01T06:07:03,120.326,22.621,13.0
2017-06-01T06:07:46,120.694,24.152,35.0
2017-06-01T06:11:54,121.522,25.08,19.0
2017-06-01T05:44:16,120.648,24.154,18.0
2017-06-01T06:15:54,121.552,25.056,11.0
2017-06-01T06:01:36,120.536,23.694,8.0
2017-06-01T06:05:43,121.609,25.056,13.0
2017-06-01T06:00:30,121.507,25.126,18.0
2017-06-01T06:04:52,121.513,25.053,12.0
2017-06-01T05:52:53,121.531,25.105,14.0
2017-06-01T05:55:26,120.734,24.12,16.0
2017-06-01T05:59:58,103.817,1.28,14.0
2017-06-01T06:11:23,120.532,24.085,12.0
2017-06-01T06:14:55,120.577,24.299,16.0
2017-06-01T06:17:22,120.997,24.786,10.0
2017-06-01T05:57:29,120.491,24.023,18.0
2017-06-01T06:03:13,121.532,25.022,10.0
2017-06-01T06:09:16,121.321,25.008,10.0
2017-06-01T05:55:59,120.544,23.704,10.0
2017-06-01T06:14:36,120.657,24.115,17.0
2017-06-01T05:38:53,121.636,25.066,12.0
2017-06-01T06:14:21,120.299,23.571,1.0
2017-06-01T06:02:56,120.485,23.468,9.0
2017-06-01T06:18:12,120.643,24.151,15.0
2017-06-01T06:18:42,121.554,25.058,11.0
2017-06-01T05:59:44,121.582,25.062,3.0
2017-06-01T06:17:23,121.128,25.062,30.0
2017-06-01T05:37:14,121.482,25.105,15.0
2017-06-01T06:11:47,21.001,52.182,9.0
2017-06-01T06:12:06,128.688,35.234,51.0
2017-06-01T06:18:20,120.341,22.636,12.0
2017-06-01T05:56:27,120.657,24.208,17.0
2017-06-01T06:16:30,121.128,22.903,11.0
2017-06-01T06:17:48,121.139,22.931,11.0
2017-06-01T06:02:53,120.667,24.119,13.0
2017-06-01T06:09:56,120.732,24.135,18.0
2017-06-01T06:08:57,120.612,24.191,15.0
2017-06-01T06:17:16,121.146,24.979,13.0
2017-06-01T06:17:13,120.532,23.716,8.0
2017-06-01T06:01:30,121.141,24.963,12.0
2017-06-01T05:26:41,120.565,24.279,11.0
2017-06-01T05:56:35,121.842,24.592,30.0
2017-06-01T05:35:45,121.016,24.862,11.0
2017-06-01T06:17:10,120.723,24.288,12.0
2017-06-01T06:03:33,127.877,34.897,48.0
2017-06-01T05:52:35,121.306,25.082,14.0
2017-06-01T06:09:50,127.029,37.493,16.0
2017-06-01T06:16:37,121.551,25.059,13.0
2017-06-01T06:16:01,128.081,35.199,47.0
2017-06-01T06:05:29,121.798,24.661,32.0
2017-06-01T06:17:15,120.87,24.612,10.0
2017-06-01T06:14:07,121.014,24.784,12.0
2017-06-01T06:14:15,120.448,23.475,7.0
2017-06-01T06:17:30,120.638,23.976,14.0
2017-06-01T06:15:16,121.216,24.864,5.0
2017-06-01T06:04:53,121.516,25.064,11.0
2017-06-01T06:12:36,128.698,35.205,45.0
2017-06-01T06:12:40,127.783,34.948,53.0
2017-06-01T06:16:33,120.638,24.161,11.0
2017-06-01T06:04:55,126.967,37.218,24.0
2017-06-01T06:18:20,121.532,25.036,9.0
2017-06-01T06:14:51,121.585,25.038,13.0
2017-06-01T06:18:54,128.557,35.144,51.0
2017-06-01T06:10:49,127.783,34.948,52.0
2017-06-01T05:55:09,128.121,34.929,49.0
2017-06-01T06:16:05,128.457,35.273,42.0
2017-06-01T06:16:29,121.144,24.905,10.0
2017-06-01T06:11:28,121.59,25.067,11.0
2017-06-01T06:06:54,121.106,24.972,13.0
2017-06-01T06:15:30,121.543,25.023,8.0
2017-06-01T06:07:16,121.22,24.87,7.0
2017-06-01T06:14:54,120.648,24.141,15.0
2017-06-01T06:16:37,121.083,25.028,19.0
2017-06-01T06:07:29,121.551,25.035,9.0
2017-06-01T06:16:04,121.3,25.05,18.0
2017-06-01T06:15:24,121.387,25.04,15.0
2017-06-01T06:03:42,121.724,24.67,25.0
2017-06-01T06:07:38,120.503,24.113,11.0
2017-06-01T06:06:04,121.766,24.655,22.0
2017-06-01T06:15:38,120.473,23.787,13.0
2017-06-01T05:53:28,121.57,24.999,12.0
2017-06-01T06:15:09,120.665,24.136,16.0
2017-06-01T05:43:48,121.529,25.02,11.0
2017-06-01T06:16:19,121.766,24.663,23.0
2017-06-01T06:18:29,120.337,22.679,17.0
2017-06-01T06:17:55,121.026,24.974,16.0
2017-06-01T06:16:11,120.702,24.188,16.0
2017-06-01T06:07:41,121.524,25.024,8.0
2017-06-01T06:16:05,121.451,25.062,20.0
2017-06-01T06:05:55,121.319,24.994,10.0
2017-06-01T06:01:05,121.264,25.008,12.0
2017-06-01T06:04:19,120.544,23.71,6.0
2017-06-01T05:44:29,121.184,24.912,10.0
2017-06-01T06:18:44,120.688,24.091,21.0
2017-06-01T06:18:13,128.693,34.897,45.0
2017-06-01T06:18:31,126.78,37.647,30.0
2017-06-01T06:18:04,127.824,34.985,44.0
2017-06-01T05:56:16,128.057,35.169,47.0
2017-06-01T06:07:07,77.259,28.533,97.0
2017-06-01T06:18:15,120.651,24.149,13.0
2017-06-01T06:15:15,121.521,25.283,21.0
2017-06-01T06:17:29,120.636,24.166,5.0
2017-06-01T06:17:01,121.37,24.942,10.0
2017-06-01T06:15:01,121.451,25.1,15.0
2017-06-01T05:53:24,121.582,25.062,2.0
2017-06-01T06:18:51,121.582,25.062,2.0
2017-06-01T06:12:11,129.331,35.625,58.0
2017-06-01T06:16:23,121.149,24.91,10.0
2017-06-01T05:56:30,120.551,24.069,12.0
2017-06-01T05:55:14,120.325,22.638,3.0
2017-06-01T06:18:42,128.598,35.254,49.0
2017-06-01T05:56:22,121.835,24.595,28.0
2017-06-01T06:04:31,120.541,24.069,10.0
2017-06-01T06:04:46,120.266,23.089,8.0
2017-06-01T05:48:46,121.515,24.966,12.0
2017-06-01T06:18:42,121.238,24.956,10.0
2017-06-01T06:15:11,120.649,24.178,12.0
2017-06-01T06:14:32,121.442,25.19,15.0
2017-06-01T06:16:46,121.549,25.053,29.0
2017-06-01T06:14:52,121.252,24.913,8.0
2017-06-01T05:55:43,121.204,25.072,14.0
2017-06-01T06:15:30,120.331,22.724,12.0
2017-06-01T05:52:01,121.409,24.932,11.0
2017-06-01T06:17:47,128.752,35.502,43.0
2017-06-01T06:16:09,121.451,25.062,13.0
2017-06-01T06:06:55,127.824,34.985,49.0
2017-06-01T06:14:01,121.262,24.967,11.0
2017-06-01T06:14:29,127.955,35.297,42.0
2017-06-01T06:16:47,121.398,24.686,7.0
2017-06-01T06:04:54,120.3,22.662,9.0
2017-06-01T06:15:25,120.667,24.13,18.0
2017-06-01T06:16:08,120.481,23.958,11.0
2017-06-01T06:18:25,120.54,23.702,11.0
2017-06-01T06:14:22,120.613,24.181,12.0
2017-06-01T06:15:20,120.674,24.151,27.0
2017-06-01T05:54:58,121.374,25.03,13.0
2017-06-01T06:14:40,121.371,25.057,15.0
2017-06-01T06:09:49,121.579,25.043,9.0
2017-06-01T05:44:23,121.458,25.012,11.0
2017-06-01T05:59:35,120.685,24.196,16.0
2017-06-01T06:18:08,120.673,24.25,22.0
2017-06-01T06:09:24,120.581,24.088,13.0
2017-06-01T06:12:38,121.137,25.013,9.0
2017-06-01T06:09:36,128.689,35.227,46.0
2017-06-01T05:56:03,120.705,24.215,18.0
2017-06-01T06:15:42,120.637,24.156,13.0
2017-06-01T06:07:20,121.516,25.008,9.0
2017-06-01T06:04:50,121.222,25.085,15.0
2017-06-01T06:04:00,121.524,25.149,14.0
2017-06-01T06:07:35,120.614,24.19,12.0
2017-06-01T06:16:27,120.512,24.126,13.0
2017-06-01T05:32:00,120.67,24.148,20.0
2017-06-01T06:08:51,121.21,24.94,9.0
2017-06-01T06:12:29,121.834,24.521,26.0
2017-06-01T06:12:35,121.194,24.83,9.0
2017-06-01T06:09:25,121.215,24.856,8.0
2017-06-01T06:17:59,120.222,22.983,0.0
2017-06-01T06:14:34,121.543,25.024,7.0
2017-06-01T06:17:24,121.294,24.873,6.0
2017-06-01T05:58:03,121.346,24.99,11.0
2017-06-01T06:11:56,120.617,24.175,19.0
2017-06-01T06:11:19,120.325,22.665,12.0
2017-06-01T06:09:39,120.724,24.134,12.0
2017-06-01T06:11:13,121.536,25.11,14.0
2017-06-01T05:22:01,128.533,35.339,40.0
2017-06-01T06:11:06,128.69,34.892,48.0
2017-06-01T06:03:53,120.595,24.187,19.0
2017-06-01T06:09:50,121.507,25.084,9.0
2017-06-01T06:18:07,121.35,24.819,8.0
2017-06-01T05:41:51,121.516,25.035,12.0
2017-06-01T06:08:58,120.704,24.308,17.0
2017-06-01T06:02:49,120.631,24.214,21.0
2017-06-01T05:55:42,121.125,24.682,7.0
2017-06-01T06:15:47,121.303,24.967,9.0
2017-06-01T06:15:12,121.264,24.936,9.0
2017-06-01T05:32:38,121.519,25.108,14.0
2017-06-01T05:39:02,121.471,22.673,9.0
2017-06-01T06:17:29,121.298,24.935,8.0
2017-06-01T06:11:58,120.453,23.468,20.0
2017-06-01T05:52:50,121.382,25.052,14.0
2017-06-01T05:20:54,121.514,25.105,14.0
2017-06-01T06:14:32,121.538,24.967,11.0
2017-06-01T06:16:49,120.675,24.158,15.0
2017-06-01T05:57:38,121.167,24.93,11.0
2017-06-01T05:41:36,121.538,25.014,11.0
2017-06-01T06:07:26,128.303,35.291,43.0
2017-06-01T06:12:37,128.41,34.948,46.0
2017-06-01T06:14:34,139.903,35.706,5.0
2017-06-01T05:57:49,128.092,35.083,48.0
2017-06-01T05:57:46,120.621,24.107,16.0
2017-06-01T05:56:03,128.715,35.155,53.0
2017-06-01T06:07:22,121.582,25.062,2.0
2017-06-01T05:54:28,121.249,24.918,9.0
2017-06-01T06:17:53,120.797,24.24,17.0
2017-06-01T06:18:48,101.517,3.074,18.0
2017-06-01T05:42:52,121.257,24.953,9.0
2017-06-01T06:06:05,121.254,25.039,14.0
2017-06-01T06:12:47,121.576,25.297,17.0
2017-06-01T06:18:34,121.561,25.043,9.0
2017-06-01T05:44:32,120.26,23.329,22.0
2017-06-01T06:10:57,120.222,22.996,4.0
2017-06-01T05:55:57,120.755,23.741,12.0
2017-06-01T06:18:57,121.0,24.784,6.0
2017-06-01T05:59:49,120.427,23.487,12.0
2017-06-01T06:07:24,120.708,24.308,20.0
2017-06-01T05:56:50,120.202,23.02,3.0
2017-06-01T06:01:35,120.578,24.174,14.0
2017-06-01T06:16:21,121.499,25.037,24.0
2017-06-01T06:12:19,120.98,24.833,13.0
2017-06-01T05:52:07,128.244,35.322,48.0
2017-06-01T06:18:16,120.681,23.76,8.0
2017-06-01T05:51:45,127.153,37.455,34.0
2017-06-01T05:27:48,120.3,22.804,5.0
2017-06-01T06:07:10,120.699,24.105,12.0
2017-06-01T06:00:50,120.695,24.164,13.0
2017-06-01T06:15:28,121.499,25.037,16.0
2017-06-01T06:11:53,121.218,24.958,3.0
2017-06-01T06:16:26,129.075,35.449,54.0
2017-06-01T06:10:37,121.446,25.045,10.0
2017-06-01T06:15:52,120.614,24.127,16.0
2017-06-01T05:44:39,128.608,34.821,46.0
2017-06-01T06:10:24,127.099,37.46,33.0
2017-06-01T05:37:52,120.454,23.487,17.0
2017-06-01T05:51:33,128.643,35.25,48.0
2017-06-01T06:14:32,120.547,24.194,14.0
2017-06-01T06:14:20,120.543,23.992,10.0
2017-06-01T06:14:51,121.54,24.989,10.0
2017-06-01T06:10:32,120.636,24.166,5.0
2017-06-01T06:18:53,121.525,25.034,10.0
2017-06-01T06:18:39,121.492,25.033,8.0
2017-06-01T06:14:52,121.095,24.919,11.0
2017-06-01T05:21:22,120.545,24.064,5.0
2017-06-01T06:17:57,120.637,24.148,15.0
2017-06-01T06:06:30,120.327,22.659,48.0
2017-06-01T06:17:48,120.315,22.666,7.0
2017-06-01T06:17:51,121.169,24.886,11.0
2017-06-01T06:17:50,120.715,24.308,0.0
2017-06-01T06:15:41,120.656,24.136,11.0
2017-06-01T06:17:00,121.462,25.133,16.0
2017-06-01T06:03:09,120.635,24.175,16.0
2017-06-01T06:12:19,120.681,24.163,13.0
2017-06-01T06:17:09,121.507,25.046,11.0
2017-06-01T06:07:33,120.763,24.174,15.0
2017-06-01T05:35:10,120.817,24.543,23.0
2017-06-01T06:12:08,121.553,25.013,11.0
2017-06-01T06:12:11,121.582,25.062,2.0
2017-06-01T06:02:42,120.666,24.143,13.0
2017-06-01T06:01:13,120.287,22.632,9.0
2017-06-01T05:47:51,120.592,22.69,19.0
2017-06-01T06:15:14,121.027,24.768,19.0
2017-06-01T06:16:12,120.696,24.082,13.0
2017-06-01T06:16:43,120.633,24.151,15.0
2017-06-01T05:38:05,120.655,24.143,23.0
2017-06-01T06:09:14,120.61,24.186,13.0
2017-06-01T05:28:05,121.591,25.078,6.0
2017-06-01T06:07:28,120.546,24.093,12.0
2017-06-01T06:11:28,121.794,24.627,32.0
2017-06-01T06:14:10,120.645,24.158,11.0
2017-06-01T06:18:22,120.286,22.663,14.0
2017-06-01T06:15:39,121.537,25.005,12.0
2017-06-01T06:14:41,121.097,24.973,14.0
2017-06-01T05:55:35,121.451,25.062,0.0
2017-06-01T06:11:34,129.332,35.626,49.0
2017-06-01T05:53:09,121.191,24.966,13.0
2017-06-01T05:44:04,128.163,35.565,30.0
2017-06-01T06:12:42,120.561,24.204,14.0
2017-06-01T06:12:24,120.551,24.071,12.0
2017-06-01T05:58:27,120.598,23.719,22.0
2017-06-01T06:15:04,121.486,25.07,15.0
2017-06-01T06:15:33,120.996,24.795,11.0
2017-06-01T06:16:15,6.453,51.15,1.0
2017-06-01T05:44:10,121.493,25.031,15.0
2017-06-01T06:06:53,121.572,25.083,12.0
2017-06-01T06:16:30,121.215,25.081,15.0
2017-06-01T06:02:44,121.222,25.093,12.0
2017-06-01T06:09:01,121.52,25.071,11.0
2017-06-01T06:14:01,120.554,24.083,11.0
2017-06-01T06:06:31,120.538,22.905,14.0
2017-06-01T05:42:15,120.696,24.15,24.0
2017-06-01T06:15:50,121.215,24.959,5.0
2017-06-01T06:16:18,127.067,37.195,30.0
2017-06-01T05:44:08,120.6,15.167,45.0
2017-06-01T05:56:06,120.602,24.184,15.0
2017-06-01T06:00:38,120.635,24.136,19.0
2017-06-01T05:49:34,121.528,25.112,12.0
2017-06-01T05:53:09,121.524,25.072,13.0
2017-06-01T06:16:35,128.596,35.247,44.0
2017-06-01T06:18:11,128.67,35.217,20.0
2017-06-01T06:18:31,128.496,35.543,40.0
2017-06-01T06:12:04,128.083,34.93,52.0
2017-06-01T06:02:45,128.866,35.189,45.0
2017-06-01T06:16:28,121.315,24.956,9.0
2017-06-01T06:05:14,121.557,25.029,11.0
2017-06-01T06:15:45,128.557,35.146,49.0
2017-06-01T06:16:41,127.795,34.971,49.0
2017-06-01T06:18:36,128.114,35.206,44.0
2017-06-01T06:17:42,121.201,24.994,13.0
2017-06-01T06:17:11,121.049,25.005,10.0
2017-06-01T06:06:53,121.179,24.907,10.0
2017-06-01T05:49:25,120.299,23.459,9.0
2017-06-01T05:56:25,128.457,35.273,44.0
2017-06-01T06:04:22,120.552,24.05,8.0
2017-06-01T05:56:10,120.286,23.848,11.0
2017-06-01T06:17:21,121.523,25.058,11.0
2017-06-01T06:14:37,121.503,25.089,19.0
2017-06-01T05:49:50,121.392,24.961,20.0
2017-06-01T05:34:07,121.535,25.023,12.0
2017-06-01T06:14:33,121.226,24.945,9.0
2017-06-01T06:16:36,121.23,25.06,16.0
2017-06-01T06:12:06,120.622,24.113,16.0
2017-06-01T06:06:31,120.321,22.648,0.0
2017-06-01T06:17:02,121.576,25.06,10.0
2017-06-01T06:16:53,120.767,23.739,14.0
2017-06-01T06:10:44,120.431,23.471,12.0
2017-06-01T06:18:23,121.773,25.136,29.0
2017-06-01T06:00:43,121.183,24.924,9.0
2017-06-01T06:18:27,120.968,24.767,11.0
2017-06-01T06:09:19,121.541,25.015,8.0
2017-06-01T06:15:01,127.748,35.066,45.0
2017-06-01T06:06:45,121.786,24.637,23.0
2017-06-01T06:01:09,121.296,25.047,30.0
2017-06-01T06:17:52,121.796,24.624,32.0
2017-06-01T06:04:27,121.52,25.04,12.0
2017-06-01T05:56:02,120.226,22.996,5.0
2017-06-01T05:37:34,121.57,25.141,16.0
2017-06-01T06:17:27,128.692,34.864,51.0
2017-06-01T06:16:14,121.799,24.638,29.0
2017-06-01T06:18:09,121.496,25.134,19.0
2017-06-01T05:53:04,120.725,24.145,15.0
2017-06-01T06:16:22,121.301,24.88,12.0
2017-06-01T06:18:35,120.217,23.046,6.0
2017-06-01T06:14:50,121.536,25.073,12.0
2017-06-01T06:06:04,121.548,25.038,9.0
2017-06-01T06:10:10,120.614,24.179,21.0
2017-06-01T06:09:31,121.511,24.998,10.0
2017-06-01T05:55:36,121.258,24.974,11.0
2017-06-01T06:14:29,120.79,23.827,10.0
2017-06-01T06:07:47,121.005,24.828,10.0
2017-06-01T06:06:21,120.198,22.992,6.0
2017-06-01T06:01:14,120.3,22.669,12.0
2017-06-01T06:17:14,128.114,35.205,40.0
2017-06-01T06:15:32,121.214,22.879,25.0
2017-06-01T06:01:19,120.637,24.165,3.0
2017-06-01T06:09:10,120.287,22.632,8.0
2017-06-01T06:09:02,120.636,24.165,12.0
2017-06-01T06:12:07,121.192,24.97,13.0
2017-06-01T06:09:15,120.652,24.131,21.0
2017-06-01T05:58:10,121.028,22.702,15.0
2017-06-01T06:16:49,120.422,24.028,20.0
2017-06-01T05:41:28,120.698,24.186,18.0
2017-06-01T06:14:21,120.56,24.195,11.0
2017-06-01T06:07:35,120.566,24.266,13.0
2017-06-01T06:07:18,121.17,24.91,9.0
2017-06-01T05:44:24,120.72,24.302,31.0
2017-06-01T06:17:41,121.54,25.017,10.0
2017-06-01T06:09:05,120.701,24.067,12.0
2017-06-01T06:14:10,121.169,24.891,22.0
2017-06-01T06:07:33,121.833,24.62,30.0
2017-06-01T05:47:21,121.792,24.63,28.0
2017-06-01T05:44:44,121.541,25.063,12.0
2017-06-01T05:41:15,121.443,25.031,12.0
2017-06-01T06:07:12,121.256,24.983,12.0
2017-06-01T06:15:34,120.465,23.792,10.0
2017-06-01T06:14:09,120.546,23.717,11.0
2017-06-01T06:15:25,121.557,24.989,14.0
2017-06-01T06:15:04,121.618,25.003,17.0
2017-06-01T06:14:17,121.527,25.048,11.0
2017-06-01T06:14:54,120.301,22.688,6.0
2017-06-01T05:49:33,121.097,24.992,16.0
2017-06-01T06:04:43,127.057,36.776,39.0
2017-06-01T06:07:30,121.22,24.953,10.0
2017-06-01T06:11:37,128.755,35.247,47.0
2017-06-01T06:06:51,121.58,25.063,3.0
2017-06-01T05:35:11,120.68,24.163,16.0
2017-06-01T06:10:14,121.538,25.017,17.0
2017-06-01T06:09:34,121.203,24.944,10.0
2017-06-01T05:56:01,128.579,35.219,45.0
2017-06-01T06:16:22,121.562,25.058,16.0
2017-06-01T06:10:12,120.324,22.652,10.0
2017-06-01T05:43:16,128.53,34.918,50.0
2017-06-01T05:49:36,120.743,24.263,15.0
2017-06-01T05:56:09,120.468,23.553,17.0
2017-06-01T05:59:53,120.613,24.184,15.0
2017-06-01T05:56:25,121.414,24.979,9.0
2017-06-01T06:18:17,118.316,24.436,7.0
2017-06-01T06:05:55,121.281,24.855,8.0
2017-06-01T06:18:27,120.533,24.063,8.0
2017-06-01T06:10:46,120.547,24.084,14.0
2017-06-01T06:14:27,121.57,25.047,12.0
2017-06-01T05:44:11,121.853,24.615,36.0
2017-06-01T06:10:03,121.292,24.92,8.0
2017-06-01T05:56:43,120.443,23.483,9.0
2017-06-01T06:14:45,128.267,35.32,43.0
2017-06-01T06:16:12,128.918,35.231,53.0
2017-06-01T05:57:49,107.608,-6.886,19.0
2017-06-01T05:44:33,128.568,35.221,49.0
2017-06-01T06:16:23,120.639,24.183,29.0
2017-06-01T06:11:48,121.553,25.054,10.0
2017-06-01T06:14:38,120.723,24.162,15.0
2017-06-01T06:07:15,126.91,37.55,30.0
2017-06-01T06:18:30,120.362,23.879,16.0
2017-06-01T06:16:44,128.805,35.201,43.0
2017-06-01T06:09:32,120.651,24.216,20.0
2017-06-01T06:10:50,103.869,1.322,22.0
2017-06-01T06:12:00,103.896,1.301,13.0
2017-06-01T06:02:55,121.576,24.99,18.0
2017-06-01T06:18:37,121.209,24.949,11.0
2017-06-01T05:55:58,128.616,36.82,40.0
2017-06-01T06:17:48,121.213,24.897,8.0
2017-06-01T06:09:55,120.568,23.963,18.0
2017-06-01T06:01:03,120.695,24.018,14.0
2017-06-01T06:17:18,121.562,25.056,28.0
2017-06-01T05:44:43,121.517,25.001,17.0
2017-06-01T06:01:22,121.213,25.007,14.0
2017-06-01T06:15:53,121.516,25.061,13.0
2017-06-01T06:01:27,121.563,25.031,7.0
2017-06-01T05:37:55,121.593,25.053,11.0
2017-06-01T06:06:14,121.554,25.033,23.0
2017-06-01T06:15:16,120.316,23.319,6.0
2017-06-01T06:10:32,120.916,24.711,10.0
2017-06-01T06:17:12,121.293,25.017,14.0
2017-06-01T05:57:11,121.5,25.036,55.0
2017-06-01T06:14:18,120.637,24.165,4.0
2017-06-01T06:11:00,121.842,24.626,39.0
2017-06-01T06:18:09,121.36,24.711,11.0
2017-06-01T06:15:42,121.59,25.061,11.0
2017-06-01T06:07:04,121.223,24.936,9.0
2017-06-01T05:51:51,121.541,25.045,12.0
2017-06-01T06:12:27,121.611,25.067,11.0
2017-06-01T05:44:41,120.539,24.06,14.0
2017-06-01T06:11:32,121.549,25.078,12.0
2017-06-01T05:54:21,120.196,23.015,1.0
2017-06-01T06:17:58,120.717,24.197,20.0
2017-06-01T05:49:51,121.389,25.041,16.0
2017-06-01T06:18:15,121.173,25.065,19.0
2017-06-01T06:05:12,121.194,24.968,12.0
2017-06-01T05:51:25,120.667,24.112,11.0
2017-06-01T05:50:00,120.636,24.165,2.0
2017-06-01T06:14:56,120.587,23.852,11.0
2017-06-01T06:02:41,121.256,25.076,20.0
2017-06-01T06:12:03,120.745,24.354,0.0
2017-06-01T06:15:27,120.639,24.141,3.0
2017-06-01T05:49:49,120.663,24.117,22.0
2017-06-01T06:15:49,130.423,33.588,41.0
2017-06-01T06:16:38,120.529,23.692,8.0
2017-06-01T05:57:05,120.463,23.482,13.0
2017-06-01T05:49:05,121.614,25.04,12.0
2017-06-01T06:17:56,120.202,22.984,6.0
2017-06-01T06:11:42,-65.399,-24.788,13.0
2017-06-01T06:14:43,121.308,25.02,13.0
2017-06-01T06:18:26,121.529,25.02,8.0
2017-06-01T06:01:34,121.302,24.955,8.0
2017-06-01T06:18:21,136.619,36.576,25.0
2017-06-01T06:10:35,121.688,24.679,26.0
2017-06-01T06:06:08,121.716,24.688,28.0
2017-06-01T05:56:07,121.811,24.625,33.0
2017-06-01T06:18:20,121.537,25.015,9.0
2017-06-01T06:14:42,121.869,24.576,37.0
2017-06-01T06:16:45,120.66,24.138,26.0
2017-06-01T05:55:22,120.694,24.18,15.0
2017-06-01T06:14:47,120.667,24.169,22.0
2017-06-01T06:14:48,120.462,23.547,12.0
2017-06-01T06:06:29,120.652,24.173,19.0
2017-06-01T06:07:19,120.345,23.531,9.0
2017-06-01T06:11:16,126.894,37.483,29.0
2017-06-01T06:14:56,121.218,24.863,8.0
2017-06-01T05:37:32,121.286,24.883,9.0
2017-06-01T06:18:54,121.55,25.033,11.0
2017-06-01T05:56:02,120.79,21.949,17.0
2017-06-01T06:18:33,121.524,25.025,0.0
2017-06-01T06:04:27,120.645,24.135,12.0
2017-06-01T06:15:09,121.551,25.082,12.0
2017-06-01T06:15:51,120.522,24.119,14.0
2017-06-01T06:03:42,121.835,24.596,32.0
2017-06-01T06:12:17,121.263,24.962,9.0
2017-06-01T06:11:38,120.713,24.305,29.0
2017-06-01T06:15:22,106.828,-6.138,2.0
2017-06-01T06:07:09,121.34,24.993,9.0
2017-06-01T06:15:05,121.502,25.131,13.0
2017-06-01T06:05:19,121.53,25.098,19.0
2017-06-01T06:17:44,121.272,24.991,11.0
2017-06-01T05:55:50,120.573,24.165,28.0
2017-06-01T05:35:32,120.643,24.133,14.0
2017-06-01T06:04:31,121.582,25.062,2.0
2017-06-01T06:12:32,120.662,24.198,21.0
2017-06-01T05:41:43,120.601,24.179,13.0
2017-06-01T05:47:50,101.701,3.168,27.0
2017-06-01T05:55:32,120.715,24.14,15.0
2017-06-01T06:17:58,120.658,24.137,17.0
2017-06-01T06:07:08,121.451,25.062,27.0
2017-06-01T06:07:36,129.06,35.416,50.0
2017-06-01T06:03:32,128.402,35.278,45.0
2017-06-01T06:01:31,127.847,35.736,26.0
2017-06-01T05:55:39,120.673,24.03,13.0
2017-06-01T06:15:22,121.586,25.078,16.0
2017-06-01T06:14:49,120.353,22.636,11.0
2017-06-01T06:15:29,121.496,25.073,16.0
2017-06-01T05:31:01,120.638,24.147,22.0
2017-06-01T06:16:56,120.453,23.53,11.0
2017-06-01T06:16:23,121.57,25.141,16.0
2017-06-01T06:12:45,120.693,23.862,13.0
2017-06-01T06:18:07,121.325,24.892,7.0
2017-06-01T06:14:36,121.289,24.85,6.0
2017-06-01T06:11:32,127.067,37.195,27.0
2017-06-01T06:03:03,120.221,22.997,3.0
2017-06-01T06:17:51,120.995,24.78,6.0
2017-06-01T06:15:11,120.499,24.122,12.0
2017-06-01T06:15:00,121.305,24.951,8.0
2017-06-01T06:09:04,128.752,35.502,37.0
2017-06-01T06:18:52,120.27,23.322,8.0
2017-06-01T06:15:45,127.955,35.297,40.0
2017-06-01T06:14:57,127.04,37.471,34.0
2017-06-01T06:15:34,128.698,35.205,50.0
2017-06-01T06:15:34,121.567,25.059,11.0
2017-06-01T06:05:05,120.65,24.154,19.0
2017-06-01T06:18:47,120.657,24.141,13.0
2017-06-01T06:10:51,128.686,35.157,48.0
2017-06-01T06:07:39,121.217,24.949,10.0
2017-06-01T06:00:38,120.631,23.832,45.0
2017-06-01T05:56:06,121.81,24.629,28.0
2017-06-01T05:56:59,120.299,23.558,12.0
2017-06-01T06:14:58,121.54,25.029,1.0
2017-06-01T06:11:53,121.12,25.037,23.0
2017-06-01T06:16:51,121.116,24.978,14.0
2017-06-01T05:56:42,121.557,25.043,9.0
2017-06-01T06:01:14,120.323,22.613,12.0
2017-06-01T06:14:13,121.143,25.045,21.0
2017-06-01T06:11:03,120.55,24.089,3.0
2017-06-01T05:49:29,121.009,24.948,16.0
2017-06-01T06:17:28,127.752,37.888,87.0
2017-06-01T06:17:39,120.455,23.495,12.0
2017-06-01T06:18:02,121.316,24.982,10.0
2017-06-01T06:06:23,121.058,25.021,27.0
2017-06-01T06:14:48,121.508,25.046,9.0
2017-06-01T06:11:18,121.102,25.013,11.0
2017-06-01T06:07:10,121.283,24.988,8.0
2017-06-01T05:57:39,120.429,24.047,22.0
2017-06-01T06:17:53,120.355,22.972,5.0
2017-06-01T06:17:26,121.512,25.115,17.0
2017-06-01T05:57:16,120.735,24.252,30.0
2017-06-01T06:11:37,120.565,23.885,0.0
2017-06-01T05:56:24,128.101,35.173,43.0
2017-06-01T06:18:48,127.973,35.059,49.0
2017-06-01T06:09:45,128.19,34.945,49.0
2017-06-01T06:16:13,120.656,24.018,13.0
2017-06-01T06:01:20,129.067,35.415,49.0
2017-06-01T06:07:18,129.028,35.375,47.0
2017-06-01T06:09:17,121.295,24.89,7.0
2017-06-01T06:16:40,120.33,22.63,17.0
2017-06-01T06:12:29,120.942,24.309,6.0
2017-06-01T06:10:19,121.306,25.017,12.0
2017-06-01T05:55:48,120.468,23.961,9.0
2017-06-01T05:55:51,121.163,24.936,11.0
2017-06-01T06:17:45,120.61,24.184,13.0
2017-06-01T05:56:20,121.148,24.922,8.0
2017-06-01T06:10:25,120.251,23.051,11.0
2017-06-01T06:00:33,120.223,23.797,12.0
2017-06-01T06:18:14,120.568,24.156,11.0
2017-06-01T06:01:34,120.275,22.977,6.0
2017-06-01T06:17:08,121.556,24.988,15.0
2017-06-01T06:18:17,101.695,3.047,21.0
2017-06-01T06:17:37,120.497,22.676,5.0
2017-06-01T05:56:23,121.548,25.049,11.0
2017-06-01T06:14:39,121.244,25.103,15.0
2017-06-01T06:03:31,120.644,24.151,20.0
2017-06-01T06:18:03,120.698,24.252,24.0
2017-06-01T05:44:19,120.715,24.164,21.0
2017-06-01T05:58:00,120.314,22.678,4.0
2017-06-01T06:11:40,121.499,25.023,9.0
2017-06-01T06:11:08,121.187,24.967,12.0
2017-06-01T05:51:44,121.54,25.017,10.0
2017-06-01T06:07:42,129.026,35.304,43.0
2017-06-01T06:16:06,120.714,24.157,12.0
2017-06-01T06:08:55,120.789,23.763,11.0
2017-06-01T06:17:15,120.664,24.157,0.0
2017-06-01T06:15:44,128.817,35.097,51.0
2017-06-01T05:39:03,121.233,24.953,9.0
2017-06-01T06:01:36,121.03,24.826,13.0
2017-06-01T05:53:45,120.563,22.607,5.0
2017-06-01T06:01:25,120.536,22.543,10.0
2017-06-01T06:16:04,121.54,25.03,9.0
2017-06-01T05:56:01,121.807,24.803,39.0
2017-06-01T05:28:21,120.329,23.29,11.0
2017-06-01T06:09:58,121.732,24.724,24.0
2017-06-01T06:01:37,121.576,25.003,17.0
2017-06-01T06:15:23,121.783,24.8,39.0
2017-06-01T05:44:41,121.552,25.013,11.0
2017-06-01T06:03:08,121.163,24.956,12.0
2017-06-01T06:17:52,120.674,24.183,18.0
2017-06-01T05:34:42,121.848,24.905,33.0
2017-06-01T05:55:04,120.653,24.118,17.0
2017-06-01T05:56:21,121.845,24.595,36.0
2017-06-01T05:20:58,120.202,22.984,11.0
2017-06-01T05:49:57,121.621,25.039,18.0
2017-06-01T06:15:55,120.639,24.142,11.0
2017-06-01T06:14:08,120.551,24.069,9.0
2017-06-01T06:00:40,121.288,24.879,7.0
2017-06-01T06:17:16,121.793,24.698,39.0
2017-06-01T06:12:35,120.49,22.662,7.0
2017-06-01T06:11:17,121.62,25.037,11.0
2017-06-01T06:15:55,121.443,25.084,26.0
2017-06-01T05:44:38,120.597,24.139,11.0
2017-06-01T06:18:11,121.318,24.981,11.0
2017-06-01T06:16:20,120.613,24.143,14.0
2017-06-01T06:16:40,121.525,25.098,4.0
2017-06-01T06:14:21,120.707,24.303,21.0
2017-06-01T06:14:16,121.571,25.035,14.0
2017-06-01T05:52:31,121.619,25.04,13.0
2017-06-01T06:18:15,120.729,24.313,14.0
2017-06-01T06:11:33,120.735,24.122,20.0
2017-06-01T06:16:26,120.719,24.314,23.0
2017-06-01T06:17:43,129.028,35.375,50.0
2017-06-01T05:44:35,126.716,35.975,34.0
2017-06-01T06:18:49,121.104,24.926,14.0
2017-06-01T06:11:05,126.967,37.217,26.0
2017-06-01T05:38:13,127.795,34.971,55.0
2017-06-01T06:12:21,128.161,35.171,46.0
2017-06-01T06:14:51,121.521,23.6,25.0
2017-06-01T06:11:11,121.471,24.653,34.0
2017-06-01T06:05:15,120.648,24.161,17.0
2017-06-01T06:10:33,121.288,24.881,7.0
2017-06-01T06:12:32,121.229,24.942,10.0
2017-06-01T06:14:54,120.644,24.131,21.0
2017-06-01T06:06:24,121.366,25.069,13.0
2017-06-01T05:41:33,121.39,25.134,12.0
2017-06-01T05:35:33,120.564,23.994,18.0
2017-06-01T06:06:42,121.57,25.296,19.0
2017-06-01T06:07:20,121.318,24.999,10.0
2017-06-01T05:55:49,121.538,25.019,10.0
2017-06-01T06:12:09,128.579,35.219,46.0
2017-06-01T06:17:43,128.545,35.237,35.0
2017-06-01T06:16:27,128.693,34.897,37.0
2017-06-01T05:32:23,127.048,37.223,26.0
2017-06-01T05:56:14,127.048,37.223,30.0
2017-06-01T06:18:52,121.844,24.575,27.0
