2017-05-10T06:43:43,120.222,22.982,30.0
2017-05-10T06:47:52,120.709,24.206,7.0
2017-05-10T06:46:48,121.535,25.053,24.0
2017-05-10T06:41:16,120.427,23.487,47.0
2017-05-10T06:47:58,120.641,24.151,37.0
2017-05-10T06:42:17,120.564,24.215,32.0
2017-05-10T06:48:51,120.312,22.66,25.0
2017-05-10T06:33:25,120.356,22.666,30.0
2017-05-10T06:15:36,120.731,24.164,35.0
2017-05-10T06:40:36,106.824,-6.18,35.0
2017-05-10T06:35:07,121.811,24.615,23.0
2017-05-10T06:44:37,121.57,24.99,12.0
2017-05-10T06:21:21,121.55,24.987,17.0
2017-05-10T06:48:10,121.734,25.143,11.0
2017-05-10T06:44:06,121.524,25.149,39.0
2017-05-10T06:27:53,121.473,25.03,20.0
2017-05-10T06:48:02,120.595,24.188,36.0
2017-05-10T06:47:40,120.2,23.131,28.0
2017-05-10T06:48:08,121.443,25.05,11.0
2017-05-10T06:34:19,120.642,24.407,35.0
2017-05-10T06:38:27,120.554,24.083,30.0
2017-05-10T06:39:11,120.696,24.173,19.0
2017-05-10T06:44:57,120.273,23.797,39.0
2017-05-10T06:22:23,121.613,25.036,14.0
2017-05-10T06:27:34,121.525,25.034,31.0
2017-05-10T06:34:03,120.418,23.464,13.0
2017-05-10T06:49:30,120.675,24.157,26.0
2017-05-10T06:44:30,120.538,24.086,35.0
2017-05-10T06:48:26,120.3,22.686,30.0
2017-05-10T06:36:00,120.457,23.594,47.0
2017-05-10T06:24:41,121.54,25.029,0.0
2017-05-10T06:34:08,121.546,25.015,17.0
2017-05-10T06:38:00,120.726,24.309,38.0
2017-05-10T06:41:11,121.524,25.024,19.0
2017-05-10T06:46:59,120.666,24.18,28.0
2017-05-10T06:48:47,121.513,25.064,18.0
2017-05-10T06:19:05,128.616,36.82,36.0
2017-05-10T06:35:01,121.431,25.015,26.0
2017-05-10T06:49:49,120.72,24.17,10.0
2017-05-10T06:28:05,121.519,25.115,21.0
2017-05-10T06:22:31,120.682,24.166,31.0
2017-05-10T06:28:03,121.545,25.027,22.0
2017-05-10T06:49:16,120.419,23.897,33.0
2017-05-10T06:46:34,120.158,22.991,35.0
2017-05-10T06:33:47,120.317,22.61,22.0
2017-05-10T06:40:21,120.655,24.137,42.0
2017-05-10T06:46:32,121.532,25.019,19.0
2017-05-10T06:34:07,121.471,22.673,15.0
2017-05-10T06:46:39,121.602,25.263,11.0
2017-05-10T06:49:42,121.582,25.062,6.0
2017-05-10T06:31:45,120.55,24.089,3.0
2017-05-10T06:44:07,120.631,24.153,39.0
2017-05-10T06:46:47,120.491,24.023,35.0
2017-05-10T06:33:30,120.722,24.255,36.0
2017-05-10T06:41:14,120.582,24.226,30.0
2017-05-10T06:47:17,120.663,24.116,33.0
2017-05-10T06:27:40,120.619,24.19,26.0
2017-05-10T06:06:07,-54.615,-25.415,7.0
2017-05-10T06:44:57,128.692,35.211,18.0
2017-05-10T06:09:17,120.639,24.183,23.0
2017-05-10T06:47:44,128.496,35.543,11.0
2017-05-10T06:44:03,126.969,37.577,35.0
2017-05-10T06:40:30,129.067,35.415,14.0
2017-05-10T06:47:02,128.687,35.234,14.0
2017-05-10T06:23:07,128.69,34.892,35.0
2017-05-10T06:41:22,128.402,35.277,10.0
2017-05-10T06:40:22,128.417,34.876,14.0
2017-05-10T06:44:56,128.124,35.187,7.0
2017-05-10T06:43:40,128.557,35.173,10.0
2017-05-10T06:35:36,128.692,34.864,28.0
2017-05-10T06:47:50,128.545,35.238,17.0
2017-05-10T06:46:59,127.732,35.523,29.0
2017-05-10T06:44:12,121.548,25.038,22.0
2017-05-10T06:27:37,128.121,34.929,10.0
2017-05-10T06:41:13,128.557,35.176,8.0
2017-05-10T06:46:40,128.057,35.169,12.0
2017-05-10T06:24:57,129.074,35.449,12.0
2017-05-10T06:21:40,120.332,22.628,17.0
2017-05-10T06:36:09,120.485,23.467,30.0
2017-05-10T06:44:42,121.519,25.012,19.0
2017-05-10T06:49:13,128.68,35.235,11.0
2017-05-10T06:40:22,-57.547,-25.264,2.0
2017-05-10T06:46:59,103.964,1.342,15.0
2017-05-10T06:47:33,128.098,34.942,31.0
2017-05-10T06:43:45,121.615,25.069,16.0
2017-05-10T06:33:57,121.141,24.892,34.0
2017-05-10T06:27:42,121.743,24.627,17.0
2017-05-10T06:33:42,103.92,1.306,21.0
2017-05-10T06:44:26,121.202,24.953,29.0
2017-05-10T06:37:16,121.374,25.078,25.0
2017-05-10T06:40:59,121.766,24.728,14.0
2017-05-10T06:49:45,120.661,24.13,13.0
2017-05-10T05:56:02,121.451,25.062,23.0
2017-05-10T06:12:55,120.638,24.179,32.0
2017-05-10T06:40:27,121.865,24.582,21.0
2017-05-10T06:36:59,121.834,24.521,16.0
2017-05-10T06:48:14,121.297,25.06,24.0
2017-05-10T06:49:24,121.548,25.049,23.0
2017-05-10T06:36:48,121.536,25.018,19.0
2017-05-10T06:48:09,-86.474,39.171,0.0
2017-05-10T06:42:03,120.206,22.987,32.0
2017-05-10T06:48:12,120.614,24.35,33.0
2017-05-10T06:42:14,120.735,24.252,38.0
2017-05-10T06:44:27,120.67,24.119,29.0
2017-05-10T06:49:04,120.345,23.531,37.0
2017-05-10T06:47:43,121.255,24.983,30.0
2017-05-10T06:49:03,121.514,25.024,26.0
2017-05-10T06:41:42,121.498,25.023,25.0
2017-05-10T06:19:15,120.688,24.109,31.0
2017-05-10T06:43:06,121.55,25.002,20.0
2017-05-10T06:48:40,120.64,24.14,34.0
2017-05-10T06:38:50,121.458,25.012,20.0
2017-05-10T06:39:13,118.452,24.461,70.0
2017-05-10T06:42:47,121.297,25.047,27.0
2017-05-10T06:29:14,105.847,21.004,39.0
2017-05-10T06:48:14,120.649,24.143,27.0
2017-05-10T06:42:49,121.516,25.056,20.0
2017-05-10T06:35:21,121.832,24.526,10.0
2017-05-10T06:21:44,121.795,24.648,15.0
2017-05-10T06:47:09,120.478,22.674,34.0
2017-05-10T06:47:05,121.404,24.809,27.0
2017-05-10T05:54:58,120.603,24.394,33.0
2017-05-10T06:49:39,120.326,22.621,29.0
2017-05-10T06:42:41,121.844,24.575,20.0
2017-05-10T06:49:33,121.522,25.08,29.0
2017-05-10T06:44:50,120.648,24.154,33.0
2017-05-10T06:36:02,121.552,25.056,24.0
2017-05-10T06:41:48,120.536,23.694,37.0
2017-05-10T06:42:30,121.609,25.056,21.0
2017-05-10T06:27:09,121.507,25.126,33.0
2017-05-10T06:44:42,121.531,25.105,28.0
2017-05-10T06:46:48,120.734,24.12,26.0
2017-05-10T06:32:32,121.451,25.062,24.0
2017-05-10T06:21:52,121.554,25.033,40.0
2017-05-10T06:49:40,120.532,24.085,36.0
2017-05-10T06:47:52,120.577,24.299,36.0
2017-05-10T06:24:33,120.997,24.786,27.0
2017-05-10T06:32:40,120.637,24.165,22.0
2017-05-10T06:29:42,121.532,25.022,22.0
2017-05-10T06:48:33,120.614,24.06,30.0
2017-05-10T06:48:47,120.544,23.704,15.0
2017-05-10T06:48:18,121.636,25.066,18.0
2017-05-10T06:49:36,120.299,23.571,29.0
2017-05-10T06:43:17,120.485,23.468,42.0
2017-05-10T06:28:19,120.643,24.151,28.0
2017-05-10T06:49:13,121.554,25.058,19.0
2017-05-10T06:15:09,121.482,25.105,23.0
2017-05-10T06:28:33,21.001,52.182,40.0
2017-05-10T06:33:57,120.704,24.308,37.0
2017-05-10T06:38:14,120.341,22.636,30.0
2017-05-10T06:40:27,120.657,24.208,27.0
2017-05-10T06:37:58,120.985,24.776,33.0
2017-05-10T06:44:52,121.139,22.931,12.0
2017-05-10T06:33:21,120.667,24.119,24.0
2017-05-10T06:49:46,120.732,24.135,38.0
2017-05-10T06:40:48,120.612,24.191,33.0
2017-05-10T06:47:59,120.578,24.174,27.0
2017-05-10T06:38:19,120.532,23.716,39.0
2017-05-10T06:44:58,120.708,24.114,49.0
2017-05-10T06:36:28,121.536,25.073,18.0
2017-05-10T06:47:37,121.842,24.592,18.0
2017-05-10T06:49:15,127.757,35.318,7.0
2017-05-10T06:46:57,120.723,24.288,28.0
2017-05-10T06:49:29,121.451,25.062,17.0
2017-05-10T06:42:12,127.029,37.493,25.0
2017-05-10T06:31:24,121.551,25.059,28.0
2017-05-10T06:32:18,128.081,35.199,7.0
2017-05-10T06:31:22,121.798,24.661,22.0
2017-05-10T06:27:31,120.87,24.612,33.0
2017-05-10T06:28:02,121.015,24.784,32.0
2017-05-10T06:38:22,120.697,24.057,33.0
2017-05-10T06:47:44,121.516,25.064,20.0
2017-05-10T06:37:52,128.698,35.205,32.0
2017-05-10T06:47:53,127.783,34.948,9.0
2017-05-10T06:41:14,121.532,25.036,18.0
2017-05-10T06:43:53,121.522,25.112,32.0
2017-05-10T05:53:00,121.016,24.862,29.0
2017-05-10T06:45:04,128.557,35.144,24.0
2017-05-10T06:36:03,127.783,34.948,11.0
2017-05-10T06:41:00,128.121,34.929,17.0
2017-05-10T06:49:44,128.457,35.273,6.0
2017-05-10T06:47:50,121.505,25.138,30.0
2017-05-10T06:38:11,127.877,34.897,13.0
2017-05-10T06:49:46,121.59,25.067,15.0
2017-05-10T06:49:34,121.533,25.058,15.0
2017-05-10T06:41:36,121.543,25.023,18.0
2017-05-10T06:44:09,121.519,25.108,24.0
2017-05-10T06:32:27,120.638,23.976,38.0
2017-05-10T06:48:56,121.551,25.035,17.0
2017-05-10T06:47:38,127.91,35.687,19.0
2017-05-10T06:48:44,121.766,24.655,15.0
2017-05-10T06:36:49,120.743,24.263,30.0
2017-05-10T06:33:18,121.514,25.105,22.0
2017-05-10T06:40:19,120.665,24.136,28.0
2017-05-10T06:44:21,121.766,24.663,15.0
2017-05-10T06:15:46,120.631,24.115,27.0
2017-05-10T06:40:30,120.337,22.679,27.0
2017-05-10T06:09:49,120.702,24.188,38.0
2017-05-10T06:28:41,121.451,25.062,23.0
2017-05-10T06:28:48,121.551,25.002,20.0
2017-05-10T06:46:50,121.538,25.014,14.0
2017-05-10T06:15:04,120.83,24.505,33.0
2017-05-10T06:48:25,120.72,24.302,41.0
2017-05-10T06:41:50,120.538,22.905,37.0
2017-05-10T06:48:11,120.544,23.71,13.0
2017-05-10T06:47:28,120.256,23.026,26.0
2017-05-10T06:44:17,120.477,23.447,45.0
2017-05-10T06:48:07,120.688,24.091,32.0
2017-05-10T06:26:19,120.465,23.451,57.0
2017-05-10T06:42:16,126.78,37.647,25.0
2017-05-10T06:49:09,127.824,34.985,12.0
2017-05-10T06:28:24,128.057,35.169,13.0
2017-05-10T06:42:13,77.259,28.533,62.0
2017-05-10T06:29:39,121.51,25.013,15.0
2017-05-10T06:22:01,120.651,24.149,29.0
2017-05-10T06:47:05,139.903,35.706,5.0
2017-05-10T06:35:49,121.792,24.63,15.0
2017-05-10T06:49:31,120.636,24.166,10.0
2017-05-10T06:49:00,121.37,24.942,26.0
2017-05-10T06:37:35,121.451,25.1,24.0
2017-05-10T06:44:34,121.853,24.615,18.0
2017-05-10T06:27:54,129.331,35.625,12.0
2017-05-10T06:38:21,103.869,1.322,21.0
2017-05-10T06:25:39,120.325,22.638,11.0
2017-05-10T06:21:15,128.598,35.254,15.0
2017-05-10T06:27:15,121.835,24.595,16.0
2017-05-10T06:27:52,120.266,23.089,38.0
2017-05-10T06:38:12,121.193,24.97,30.0
2017-05-10T06:34:11,120.663,24.117,36.0
2017-05-10T06:48:16,121.442,25.19,28.0
2017-05-10T06:04:01,-82.404,29.699,21.0
2017-05-10T06:47:37,120.331,22.724,26.0
2017-05-10T06:26:10,121.409,24.932,21.0
2017-05-10T06:32:38,128.752,35.502,17.0
2017-05-10T06:43:49,127.824,34.985,7.0
2017-05-10T06:43:09,127.955,35.297,9.0
2017-05-10T06:46:51,120.3,22.662,32.0
2017-05-10T06:40:17,120.667,24.13,23.0
2017-05-10T06:03:28,120.978,23.976,41.0
2017-05-10T06:31:45,120.481,23.958,25.0
2017-05-10T06:47:34,120.613,24.181,36.0
2017-05-10T06:33:52,120.61,24.184,45.0
2017-05-10T06:38:13,121.579,25.043,23.0
2017-05-10T06:48:26,121.458,25.012,21.0
2017-05-10T06:47:42,120.685,24.196,33.0
2017-05-10T06:49:07,121.771,24.677,15.0
2017-05-10T06:34:32,121.446,25.045,27.0
2017-05-10T06:33:22,120.581,24.088,27.0
2017-05-10T06:34:37,121.244,25.103,20.0
2017-05-10T06:48:29,128.689,35.227,14.0
2017-05-10T06:42:50,120.705,24.215,34.0
2017-05-10T06:34:03,120.637,24.156,33.0
2017-05-10T06:39:12,121.516,25.008,13.0
2017-05-10T06:44:07,128.274,36.23,4.0
2017-05-10T06:22:40,121.222,25.085,24.0
2017-05-10T06:32:25,120.656,24.162,19.0
2017-05-10T06:47:14,120.314,22.678,30.0
2017-05-10T06:44:19,120.614,24.19,28.0
2017-05-10T06:44:11,-65.399,-24.788,1.0
2017-05-10T06:29:33,120.67,24.148,31.0
2017-05-10T06:27:23,120.462,23.547,50.0
2017-05-10T06:36:33,120.24,22.984,32.0
2017-05-10T06:46:43,120.222,22.983,5.0
2017-05-10T06:44:59,121.543,25.024,17.0
2017-05-10T06:27:46,121.294,24.873,32.0
2017-05-10T06:47:55,136.619,36.576,7.0
2017-05-10T06:47:48,120.325,22.665,24.0
2017-05-10T06:40:28,121.071,14.647,25.0
2017-05-10T06:47:34,120.724,24.134,7.0
2017-05-10T06:44:17,121.536,25.11,23.0
2017-05-10T06:39:02,120.657,24.115,33.0
2017-05-10T06:34:28,121.516,25.035,17.0
2017-05-10T06:34:45,128.688,35.234,19.0
2017-05-10T06:38:09,120.631,24.214,32.0
2017-05-10T06:41:34,121.125,24.682,46.0
2017-05-10T06:47:35,121.528,25.112,22.0
2017-05-10T06:44:06,120.638,24.161,21.0
2017-05-10T06:48:37,120.669,24.176,65.0
2017-05-10T06:27:48,120.453,23.468,56.0
2017-05-10T06:49:33,120.503,24.113,34.0
2017-05-10T06:40:25,121.57,24.999,16.0
2017-05-10T06:47:02,121.538,24.967,18.0
2017-05-10T06:37:01,120.643,24.133,30.0
2017-05-10T06:34:08,121.319,24.994,23.0
2017-05-10T06:48:41,128.303,35.291,9.0
2017-05-10T06:34:28,128.41,34.948,7.0
2017-05-10T06:09:51,120.451,23.992,43.0
2017-05-10T06:33:35,128.092,35.083,7.0
2017-05-10T06:04:17,120.621,24.107,34.0
2017-05-10T06:38:42,128.715,35.155,34.0
2017-05-10T06:47:12,121.585,25.038,19.0
2017-05-10T06:42:41,120.551,24.069,30.0
2017-05-10T06:47:46,120.797,24.24,38.0
2017-05-10T06:41:29,120.27,23.322,40.0
2017-05-10T06:33:34,121.576,25.297,12.0
2017-05-10T06:27:57,120.26,23.329,41.0
2017-05-10T06:34:29,120.222,22.996,18.0
2017-05-10T06:41:30,120.755,23.741,26.0
2017-05-10T06:42:35,120.708,24.308,41.0
2017-05-10T06:44:27,121.54,25.03,19.0
2017-05-10T06:49:11,121.499,25.037,37.0
2017-05-10T06:49:05,121.451,25.062,27.0
2017-05-10T06:44:33,120.62,24.338,31.0
2017-05-10T06:38:25,128.244,35.322,8.0
2017-05-10T06:46:45,120.681,23.76,25.0
2017-05-10T06:38:29,127.153,37.455,44.0
2017-05-10T06:44:17,120.658,24.137,27.0
2017-05-10T06:35:08,120.695,24.164,29.0
2017-05-10T06:35:35,103.896,1.301,22.0
2017-05-10T06:27:47,-71.103,42.344,3.0
2017-05-10T06:42:20,120.614,24.127,26.0
2017-05-10T06:32:16,121.552,25.013,10.0
2017-05-10T06:49:03,127.1,37.46,36.0
2017-05-10T06:48:46,120.454,23.487,52.0
2017-05-10T06:47:06,121.516,25.061,26.0
2017-05-10T06:48:49,120.547,24.194,31.0
2017-05-10T06:36:43,120.543,23.992,35.0
2017-05-10T06:21:55,121.54,24.989,17.0
2017-05-10T06:37:18,121.576,25.128,36.0
2017-05-10T06:43:41,121.59,25.061,22.0
2017-05-10T06:47:23,121.525,25.034,24.0
2017-05-10T06:44:28,121.492,25.033,21.0
2017-05-10T06:43:16,121.095,24.919,27.0
2017-05-10T06:40:24,120.545,24.064,23.0
2017-05-10T06:28:53,120.675,24.136,10.0
2017-05-10T06:48:15,120.315,22.666,26.0
2017-05-10T06:44:53,121.168,24.886,34.0
2017-05-10T06:34:06,120.715,24.308,37.0
2017-05-10T06:46:55,120.656,24.136,27.0
2017-05-10T06:40:37,121.462,25.133,20.0
2017-05-10T06:43:38,120.635,24.175,28.0
2017-05-10T06:42:11,120.681,24.163,29.0
2017-05-10T06:33:53,121.507,25.046,22.0
2017-05-10T06:38:40,121.712,25.093,17.0
2017-05-10T06:47:52,120.763,24.174,35.0
2017-05-10T06:34:32,120.817,24.543,37.0
2017-05-10T06:43:20,120.285,22.725,32.0
2017-05-10T06:48:33,120.666,24.143,28.0
2017-05-10T06:35:26,120.287,22.632,31.0
2017-05-10T06:37:57,120.592,22.69,39.0
2017-05-10T06:40:52,121.027,24.768,39.0
2017-05-10T06:33:19,120.696,24.082,33.0
2017-05-10T06:34:03,120.633,24.151,41.0
2017-05-10T06:40:25,120.61,24.187,57.0
2017-05-10T06:48:58,120.655,24.143,34.0
2017-05-10T06:33:40,120.61,24.186,23.0
2017-05-10T06:27:33,121.591,25.078,16.0
2017-05-10T06:44:16,120.546,24.093,0.0
2017-05-10T06:48:28,120.254,23.183,38.0
2017-05-10T06:49:14,121.794,24.627,17.0
2017-05-10T06:40:54,120.655,24.152,28.0
2017-05-10T06:42:54,120.645,24.158,30.0
2017-05-10T06:38:47,120.286,22.663,34.0
2017-05-10T06:18:57,121.537,25.005,13.0
2017-05-10T06:40:44,128.678,35.22,27.0
2017-05-10T06:41:18,121.097,24.973,25.0
2017-05-10T06:44:39,121.451,25.062,0.0
2017-05-10T06:25:39,121.548,25.021,19.0
2017-05-10T06:43:24,121.193,24.97,7.0
2017-05-10T06:46:48,128.163,35.565,9.0
2017-05-10T06:46:53,120.561,24.204,28.0
2017-05-10T06:42:09,120.551,24.071,35.0
2017-05-10T06:18:04,120.598,23.719,105.0
2017-05-10T06:38:38,121.18,24.843,36.0
2017-05-10T06:43:22,128.663,35.244,9.0
2017-05-10T06:42:43,120.644,24.131,32.0
2017-05-10T06:40:35,120.996,24.795,25.0
2017-05-10T06:40:41,121.451,25.062,24.0
2017-05-10T06:40:28,6.453,51.15,28.0
2017-05-10T06:49:47,121.493,25.031,25.0
2017-05-10T06:38:44,121.51,25.061,23.0
2017-05-10T06:33:43,121.572,25.083,21.0
2017-05-10T06:33:50,120.696,24.15,37.0
2017-05-10T06:39:02,127.067,37.195,30.0
2017-05-10T06:49:43,120.602,24.184,40.0
2017-05-10T06:09:57,54.317,24.475,26.0
2017-05-10T06:42:52,120.635,24.136,28.0
2017-05-10T06:49:23,121.524,25.072,17.0
2017-05-10T06:28:01,128.596,35.247,11.0
2017-05-10T06:34:03,121.621,25.039,19.0
2017-05-10T06:47:49,103.817,1.28,24.0
2017-05-10T06:48:26,128.083,34.93,8.0
2017-05-10T06:27:33,127.002,37.59,42.0
2017-05-10T06:49:14,128.866,35.189,24.0
2017-05-10T06:31:25,120.49,22.663,34.0
2017-05-10T06:48:32,128.557,35.146,10.0
2017-05-10T06:44:54,127.795,34.971,10.0
2017-05-10T06:49:08,128.114,35.206,6.0
2017-05-10T06:47:23,128.457,35.273,16.0
2017-05-10T06:41:28,120.631,24.123,30.0
2017-05-10T06:33:38,120.512,24.126,32.0
2017-05-10T06:31:22,121.503,25.089,29.0
2017-05-10T06:16:23,121.392,24.961,25.0
2017-05-10T06:47:43,121.53,25.098,26.0
2017-05-10T06:34:19,120.321,22.648,2.0
2017-05-10T06:47:48,121.576,25.06,10.0
2017-05-10T06:37:36,120.406,22.539,34.0
2017-05-10T06:41:00,120.431,23.471,51.0
2017-05-10T06:41:02,121.773,25.136,13.0
2017-05-10T06:49:35,120.968,24.767,27.0
2017-05-10T06:49:07,121.541,25.015,14.0
2017-05-10T06:44:08,121.786,24.637,15.0
2017-05-10T06:48:27,121.796,24.624,19.0
2017-05-10T06:32:47,121.52,25.04,19.0
2017-05-10T06:47:55,120.226,22.996,32.0
2017-05-10T06:49:27,121.551,25.082,23.0
2017-05-10T06:23:45,121.799,24.638,18.0
2017-05-10T06:35:41,121.496,25.134,33.0
2017-05-10T06:43:47,120.725,24.145,32.0
2017-05-10T06:43:23,121.57,25.141,34.0
2017-05-10T06:43:04,120.217,23.046,35.0
2017-05-10T06:38:39,121.542,25.015,17.0
2017-05-10T06:49:28,120.614,24.179,44.0
2017-05-10T06:16:24,120.669,23.933,41.0
2017-05-10T06:44:26,121.835,24.596,24.0
2017-05-10T06:28:11,120.79,23.827,34.0
2017-05-10T06:21:50,121.005,24.828,28.0
2017-05-10T06:40:26,120.198,22.992,33.0
2017-05-10T06:15:39,121.056,24.755,34.0
2017-05-10T06:42:50,121.523,25.058,17.0
2017-05-10T06:37:13,121.214,22.879,14.0
2017-05-10T06:47:10,120.255,23.037,34.0
2017-05-10T06:49:31,120.637,24.165,14.0
2017-05-10T06:32:06,120.287,22.632,0.0
2017-05-10T06:43:55,121.192,24.97,28.0
2017-05-10T06:40:24,120.652,24.131,34.0
2017-05-10T06:34:39,121.028,22.702,13.0
2017-05-10T06:33:52,120.422,24.028,34.0
2017-05-10T06:48:08,106.828,-6.138,11.0
2017-05-10T06:44:47,120.566,24.266,32.0
2017-05-10T06:44:05,120.652,24.173,32.0
2017-05-10T06:47:38,121.54,25.017,14.0
2017-05-10T06:49:01,120.701,24.067,34.0
2017-05-10T06:40:21,121.833,24.62,18.0
2017-05-10T06:43:57,121.521,25.283,12.0
2017-05-10T06:46:55,121.498,25.026,24.0
2017-05-10T06:34:35,120.231,22.963,28.0
2017-05-10T06:33:12,120.465,23.792,30.0
2017-05-10T06:44:40,120.546,23.717,44.0
2017-05-10T06:48:27,120.636,24.165,6.0
2017-05-10T06:48:28,121.618,25.003,18.0
2017-05-10T06:33:39,121.527,25.048,19.0
2017-05-10T06:28:18,120.301,22.688,9.0
2017-05-10T06:21:37,127.057,36.776,40.0
2017-05-10T06:33:31,128.755,35.247,31.0
2017-05-10T06:47:32,121.321,25.008,24.0
2017-05-10T06:47:17,121.499,25.037,38.0
2017-05-10T06:47:41,121.538,25.017,25.0
2017-05-10T06:38:03,128.579,35.219,12.0
2017-05-10T06:41:54,121.562,25.058,30.0
2017-05-10T06:40:38,120.324,22.652,32.0
2017-05-10T06:48:01,128.53,34.918,15.0
2017-05-10T06:31:14,120.455,23.495,43.0
2017-05-10T06:48:59,120.429,24.047,31.0
2017-05-10T06:21:24,120.613,24.184,30.0
2017-05-10T06:47:18,121.414,24.979,18.0
2017-05-10T06:27:13,120.568,24.156,28.0
2017-05-10T06:48:04,120.533,24.063,29.0
2017-05-10T06:35:25,120.547,24.084,37.0
2017-05-10T06:21:58,121.57,25.047,23.0
2017-05-10T06:38:54,128.817,35.097,32.0
2017-05-10T06:47:10,120.443,23.483,44.0
2017-05-10T06:49:40,128.608,34.821,16.0
2017-05-10T06:43:59,128.918,35.231,31.0
2017-05-10T06:48:36,121.571,25.08,25.0
2017-05-10T06:39:01,107.608,-6.886,29.0
2017-05-10T06:25:03,128.568,35.221,14.0
2017-05-10T06:15:49,128.114,35.205,13.0
2017-05-10T06:44:30,121.553,25.054,18.0
2017-05-10T06:48:35,120.714,24.225,500.0
2017-05-10T06:33:11,120.723,24.162,37.0
2017-05-10T06:23:00,126.91,37.55,35.0
2017-05-10T06:24:12,120.362,23.879,37.0
2017-05-10T06:34:04,128.805,35.201,23.0
2017-05-10T06:20:52,120.651,24.216,31.0
2017-05-10T06:41:11,121.187,24.967,27.0
2017-05-10T06:48:38,120.558,24.085,37.0
2017-05-10T06:40:22,120.622,24.113,27.0
2017-05-10T06:28:12,121.541,25.063,20.0
2017-05-10T06:48:00,120.568,23.963,32.0
2017-05-10T06:40:20,120.695,24.018,35.0
2017-05-10T06:46:48,121.562,25.056,21.0
2017-05-10T06:47:16,121.517,25.001,18.0
2017-05-10T06:43:34,128.643,35.25,15.0
2017-05-10T06:37:31,121.563,25.031,14.0
2017-05-10T06:28:06,120.316,23.319,23.0
2017-05-10T06:33:06,121.55,25.081,19.0
2017-05-10T06:42:33,121.293,25.017,27.0
2017-05-10T06:49:17,121.5,25.036,331.0
2017-05-10T06:48:32,120.637,24.165,10.0
2017-05-10T06:45:02,120.547,22.653,30.0
2017-05-10T06:44:39,120.636,24.166,9.0
2017-05-10T06:48:20,121.611,25.067,22.0
2017-05-10T06:45:01,120.539,24.06,29.0
2017-05-10T06:19:24,121.549,25.078,19.0
2017-05-10T06:34:07,121.128,22.903,12.0
2017-05-10T06:26:24,120.196,23.015,6.0
2017-05-10T06:43:28,120.717,24.197,36.0
2017-05-10T06:43:18,121.389,25.041,26.0
2017-05-10T06:34:16,128.69,34.892,31.0
2017-05-10T06:10:05,129.332,35.626,19.0
2017-05-10T06:42:37,120.667,24.112,26.0
2017-05-10T06:38:17,121.557,24.989,20.0
2017-05-10T06:49:20,120.669,24.158,28.0
2017-05-10T06:41:18,120.32,22.622,29.0
2017-05-10T06:42:53,120.587,23.852,35.0
2017-05-10T06:34:18,120.745,24.354,30.0
2017-05-10T06:40:18,120.639,24.141,9.0
2017-05-10T06:41:27,120.617,24.175,45.0
2017-05-10T06:42:23,130.423,33.588,8.0
2017-05-10T06:21:36,121.556,25.028,24.0
2017-05-10T06:42:56,120.463,23.482,43.0
2017-05-10T06:15:26,121.614,25.04,14.0
2017-05-10T06:26:24,120.202,22.984,30.0
2017-05-10T06:47:13,120.3,22.804,30.0
2017-05-10T06:44:01,120.637,24.148,32.0
2017-05-10T06:44:06,121.688,24.679,15.0
2017-05-10T06:36:55,121.537,25.015,19.0
2017-05-10T06:47:54,121.291,25.019,26.0
2017-05-10T06:17:31,120.739,24.252,34.0
2017-05-10T06:46:32,120.699,24.105,29.0
2017-05-10T06:47:25,120.667,24.169,28.0
2017-05-10T06:49:08,121.486,25.07,23.0
2017-05-10T06:43:04,120.345,23.531,40.0
2017-05-10T06:48:28,126.894,37.483,35.0
2017-05-10T06:46:35,120.79,21.949,11.0
2017-05-10T06:40:23,121.524,25.025,0.0
2017-05-10T06:17:24,121.438,23.63,15.0
2017-05-10T06:28:16,120.303,23.578,40.0
2017-05-10T06:26:22,120.645,24.135,26.0
2017-05-10T06:27:24,121.57,25.141,35.0
2017-05-10T06:49:25,120.522,24.119,30.0
2017-05-10T06:46:46,120.529,23.692,42.0
2017-05-10T06:32:13,121.777,24.648,18.0
2017-05-10T06:47:20,120.713,24.305,39.0
2017-05-10T06:47:01,120.56,24.195,27.0
2017-05-10T06:47:55,120.966,23.962,27.0
2017-05-10T06:46:52,121.502,25.131,27.0
2017-05-10T06:41:01,120.44,23.474,14.0
2017-05-10T06:33:19,120.54,23.702,46.0
2017-05-10T06:44:23,120.573,24.165,34.0
2017-05-10T06:41:28,120.662,24.198,31.0
2017-05-10T06:45:00,120.601,24.179,28.0
2017-05-10T06:47:31,120.715,24.14,29.0
2017-05-10T06:40:54,129.06,35.416,20.0
2017-05-10T06:49:34,128.402,35.278,7.0
2017-05-10T06:44:49,127.847,35.736,17.0
2017-05-10T06:44:37,120.673,24.03,29.0
2017-05-10T06:27:51,121.586,25.078,33.0
2017-05-10T06:48:17,120.353,22.636,27.0
2017-05-10T06:49:31,121.496,25.073,22.0
2017-05-10T06:44:45,120.638,24.147,35.0
2017-05-10T06:43:31,120.453,23.53,42.0
2017-05-10T06:39:03,-71.103,42.344,1.0
2017-05-10T06:48:51,120.693,23.862,43.0
2017-05-10T06:45:01,121.364,25.071,27.0
2017-05-10T06:40:19,127.067,37.195,39.0
2017-05-10T06:34:02,120.221,22.997,30.0
2017-05-10T06:48:18,120.995,24.78,11.0
2017-05-10T06:47:10,120.675,24.158,11.0
2017-05-10T06:31:54,120.499,24.122,34.0
2017-05-10T06:49:06,121.006,24.75,29.0
2017-05-10T06:43:08,128.752,35.502,15.0
2017-05-10T06:44:15,127.955,35.297,10.0
2017-05-10T06:34:05,128.698,35.205,17.0
2017-05-10T06:38:32,121.567,25.059,20.0
2017-05-10T06:36:54,120.65,24.154,31.0
2017-05-10T06:35:13,121.582,25.062,10.0
2017-05-10T06:48:49,120.657,24.141,27.0
2017-05-10T06:39:09,128.686,35.157,31.0
2017-05-10T06:43:09,120.631,23.832,42.0
2017-05-10T06:36:01,121.81,24.629,18.0
2017-05-10T06:45:01,120.299,23.558,34.0
2017-05-10T06:28:02,120.425,22.58,31.0
2017-05-10T06:44:47,121.143,25.045,23.0
2017-05-10T06:38:15,120.355,22.972,32.0
2017-05-10T06:11:45,121.009,24.948,26.0
2017-05-10T06:44:55,127.752,37.888,13.0
2017-05-10T06:40:36,129.042,35.345,22.0
2017-05-10T06:24:36,121.508,25.046,19.0
2017-05-10T06:46:49,120.372,23.189,39.0
2017-05-10T06:44:23,120.468,23.553,38.0
2017-05-10T06:21:21,121.512,25.115,24.0
2017-05-10T06:44:58,120.711,24.146,34.0
2017-05-10T06:18:40,128.101,35.173,12.0
2017-05-10T06:48:42,127.973,35.059,10.0
2017-05-10T06:31:49,128.19,34.945,9.0
2017-05-10T06:43:30,120.656,24.018,31.0
2017-05-10T06:36:28,129.067,35.415,18.0
2017-05-10T06:41:43,129.028,35.375,18.0
2017-05-10T06:47:41,129.075,35.449,23.0
2017-05-10T06:33:41,120.33,22.63,37.0
2017-05-10T06:18:54,120.942,24.309,26.0
2017-05-10T06:43:35,126.716,35.975,13.0
2017-05-10T06:24:39,120.468,23.961,27.0
2017-05-10T06:40:16,120.674,24.151,32.0
2017-05-10T06:09:38,121.148,24.922,28.0
2017-05-10T06:37:36,120.251,23.051,34.0
2017-05-10T06:21:46,120.223,23.797,22.0
2017-05-10T06:46:29,120.275,22.977,29.0
2017-05-10T06:43:48,121.556,24.988,19.0
2017-05-10T06:48:35,101.695,3.047,16.0
2017-05-10T06:46:26,120.497,22.676,35.0
2017-05-10T06:06:02,120.73,24.265,41.0
2017-05-10T06:48:47,120.673,24.25,33.0
2017-05-10T06:44:23,120.3,22.669,33.0
2017-05-10T06:33:45,120.644,24.151,32.0
2017-05-10T06:35:25,120.715,24.164,31.0
2017-05-10T06:48:17,120.552,24.05,21.0
2017-05-10T06:47:48,121.499,25.023,18.0
2017-05-10T06:15:36,120.657,24.153,27.0
2017-05-10T06:43:53,121.54,25.017,19.0
2017-05-10T06:46:58,129.026,35.304,23.0
2017-05-10T06:44:39,120.204,23.011,33.0
2017-05-10T06:26:42,120.714,24.157,31.0
2017-05-10T06:48:46,120.789,23.763,87.0
2017-05-10T06:31:47,120.664,24.157,30.0
2017-05-10T06:35:22,121.233,24.953,28.0
2017-05-10T06:36:28,121.03,24.826,36.0
2017-05-10T06:34:13,120.563,22.607,31.0
2017-05-10T06:40:36,120.202,23.02,25.0
2017-05-10T06:40:29,121.807,24.803,9.0
2017-05-10T06:49:04,120.329,23.29,36.0
2017-05-10T06:33:49,121.732,24.724,16.0
2017-05-10T06:16:47,121.576,25.003,15.0
2017-05-10T06:39:08,121.783,24.8,11.0
2017-05-10T06:29:34,120.674,24.183,33.0
2017-05-10T06:48:54,120.648,24.141,33.0
2017-05-10T06:47:33,121.848,24.905,10.0
2017-05-10T06:27:24,120.653,24.118,25.0
2017-05-10T06:48:11,121.845,24.595,21.0
2017-05-10T06:34:15,121.529,25.029,20.0
2017-05-10T06:08:35,120.202,22.984,29.0
2017-05-10T06:49:16,121.621,25.039,20.0
2017-05-10T06:38:24,120.639,24.142,29.0
2017-05-10T06:21:41,120.551,24.069,32.0
2017-05-10T06:44:47,121.793,24.698,18.0
2017-05-10T06:29:25,121.557,25.029,19.0
2017-05-10T06:25:15,121.62,25.037,15.0
2017-05-10T06:46:36,121.443,25.084,14.0
2017-05-10T06:26:49,120.597,24.139,26.0
2017-05-10T06:35:02,121.318,24.981,27.0
2017-05-10T06:44:12,120.613,24.143,28.0
2017-05-10T06:31:53,127.748,35.066,11.0
2017-05-10T06:48:53,120.707,24.303,39.0
2017-05-10T06:45:05,121.571,25.035,25.0
2017-05-10T06:32:35,121.619,25.04,19.0
2017-05-10T06:23:14,120.729,24.313,34.0
2017-05-10T06:26:28,120.735,24.122,38.0
2017-05-10T06:44:32,120.327,22.659,25.0
2017-05-10T06:23:39,129.028,35.375,25.0
2017-05-10T06:47:11,126.716,35.975,11.0
2017-05-10T06:34:09,126.967,37.217,19.0
2017-05-10T06:48:20,127.795,34.971,11.0
2017-05-10T06:47:06,128.161,35.171,12.0
2017-05-10T06:34:11,120.624,24.355,32.0
2017-05-10T06:33:36,121.521,23.6,20.0
2017-05-10T06:38:31,120.648,24.161,30.0
2017-05-10T06:34:44,120.719,24.314,37.0
2017-05-10T06:47:23,121.582,25.062,0.0
2017-05-10T06:35:47,121.366,25.069,21.0
2017-05-10T06:34:10,121.39,25.134,27.0
2017-05-10T06:47:48,120.564,23.994,43.0
2017-05-10T06:37:31,121.57,25.296,14.0
2017-05-10T06:44:22,121.151,24.911,29.0
2017-05-10T06:48:24,121.538,25.019,19.0
2017-05-10T05:54:47,121.581,25.062,7.0
2017-05-10T06:47:56,128.267,35.32,9.0
2017-05-10T06:40:59,128.579,35.219,19.0
2017-05-10T06:32:19,128.545,35.237,11.0
2017-05-10T06:49:30,128.693,34.897,21.0
2017-05-10T06:32:18,127.048,37.223,3.0
2017-05-10T06:44:19,127.048,37.223,39.0
2017-05-10T06:49:26,120.694,24.152,40.0
