2017-05-10T06:37:47,120.222,22.982,30.0
2017-05-10T06:36:00,120.709,24.206,7.0
2017-05-10T06:34:58,121.535,25.053,24.0
2017-05-10T06:23:31,120.427,23.487,52.0
2017-05-10T06:24:05,120.641,24.151,31.0
2017-05-10T06:36:21,120.564,24.215,30.0
2017-05-10T06:37:00,120.312,22.66,24.0
2017-05-10T06:31:03,121.513,25.064,22.0
2017-05-10T06:15:36,120.731,24.164,35.0
2017-05-10T06:34:29,106.824,-6.18,33.0
2017-05-10T06:35:07,121.811,24.615,23.0
2017-05-10T06:37:29,121.57,24.99,13.0
2017-05-10T06:21:21,121.55,24.987,17.0
2017-05-10T06:24:31,121.734,25.143,13.0
2017-05-10T06:27:53,121.473,25.03,20.0
2017-05-10T06:24:06,120.595,24.188,33.0
2017-05-10T06:35:50,120.2,23.131,29.0
2017-05-10T06:18:36,121.443,25.05,12.0
2017-05-10T06:34:19,120.642,24.407,35.0
2017-05-10T06:38:27,120.554,24.083,30.0
2017-05-10T06:33:16,120.696,24.173,19.0
2017-05-10T06:13:34,120.345,23.531,47.0
2017-05-10T06:21:46,120.223,23.797,22.0
2017-05-10T06:27:34,121.525,25.034,31.0
2017-05-10T06:34:03,120.418,23.464,13.0
2017-05-10T06:15:06,121.609,25.056,21.0
2017-05-10T06:38:35,120.538,24.086,35.0
2017-05-10T06:34:41,120.3,22.686,31.0
2017-05-10T06:36:00,120.457,23.594,47.0
2017-05-10T06:24:41,121.54,25.029,0.0
2017-05-10T06:34:08,121.546,25.015,17.0
2017-05-10T06:38:00,120.726,24.309,38.0
2017-05-10T06:35:16,121.524,25.024,18.0
2017-05-10T06:35:07,120.666,24.18,27.0
2017-05-10T06:15:04,120.83,24.505,33.0
2017-05-10T06:35:01,121.431,25.015,26.0
2017-05-10T06:37:50,128.608,34.821,17.0
2017-05-10T06:37:59,120.72,24.17,11.0
2017-05-10T06:28:05,121.519,25.115,21.0
2017-05-10T06:22:31,120.682,24.166,31.0
2017-05-10T06:28:03,121.545,25.027,22.0
2017-05-10T06:31:27,120.419,23.897,34.0
2017-05-10T06:28:47,120.158,22.991,38.0
2017-05-10T06:33:47,120.317,22.61,22.0
2017-05-10T06:21:40,120.332,22.628,17.0
2017-05-10T06:21:52,121.554,25.033,40.0
2017-05-10T06:38:27,121.151,24.911,29.0
2017-05-10T06:37:32,121.582,25.062,5.0
2017-05-10T06:38:15,120.355,22.972,32.0
2017-05-10T06:22:52,121.532,25.019,18.0
2017-05-10T06:14:34,120.631,24.153,31.0
2017-05-10T06:29:42,121.532,25.022,22.0
2017-05-10T06:29:22,120.582,24.226,30.0
2017-05-10T06:29:31,120.663,24.116,29.0
2017-05-10T06:27:40,120.619,24.19,26.0
2017-05-10T06:06:07,-54.615,-25.415,7.0
2017-05-10T06:39:01,128.692,35.211,22.0
2017-05-10T06:09:17,120.639,24.183,23.0
2017-05-10T06:35:32,120.631,24.123,30.0
2017-05-10T06:29:56,128.496,35.543,9.0
2017-05-10T06:38:07,126.969,37.577,36.0
2017-05-10T06:28:38,129.067,35.415,13.0
2017-05-10T06:29:16,128.687,35.234,22.0
2017-05-10T06:23:07,128.69,34.892,35.0
2017-05-10T06:29:31,128.402,35.277,11.0
2017-05-10T06:34:27,128.417,34.876,13.0
2017-05-10T06:33:05,128.124,35.187,9.0
2017-05-10T06:37:45,128.557,35.173,11.0
2017-05-10T06:35:36,128.692,34.864,28.0
2017-05-10T06:24:09,128.545,35.238,19.0
2017-05-10T06:35:08,127.732,35.523,29.0
2017-05-10T06:14:39,121.548,25.038,26.0
2017-05-10T06:27:37,128.121,34.929,10.0
2017-05-10T06:17:30,128.557,35.176,12.0
2017-05-10T06:34:50,128.057,35.169,12.0
2017-05-10T06:24:57,129.074,35.449,12.0
2017-05-10T06:36:09,120.485,23.467,30.0
2017-05-10T06:32:54,121.519,25.012,20.0
2017-05-10T06:37:23,128.68,35.235,12.0
2017-05-10T06:22:32,-57.547,-25.264,2.0
2017-05-10T06:32:26,103.964,1.342,14.0
2017-05-10T06:29:48,128.098,34.942,31.0
2017-05-10T06:37:51,121.615,25.069,16.0
2017-05-10T06:33:57,121.141,24.892,34.0
2017-05-10T06:19:01,120.64,24.14,26.0
2017-05-10T06:33:42,103.92,1.306,21.0
2017-05-10T06:14:51,121.202,24.953,28.0
2017-05-10T06:36:50,120.345,23.531,42.0
2017-05-10T06:23:09,121.766,24.728,19.0
2017-05-10T06:31:59,120.661,24.13,11.0
2017-05-10T05:56:02,121.451,25.062,23.0
2017-05-10T06:35:06,120.44,23.474,14.0
2017-05-10T06:34:31,121.865,24.582,22.0
2017-05-10T06:36:59,121.834,24.521,16.0
2017-05-10T06:36:23,121.297,25.06,24.0
2017-05-10T06:36:43,120.543,23.992,35.0
2017-05-10T06:36:48,121.536,25.018,19.0
2017-05-10T05:49:03,-86.474,39.171,0.0
2017-05-10T06:36:08,120.206,22.987,35.0
2017-05-10T06:36:21,120.614,24.35,31.0
2017-05-10T06:36:20,120.735,24.252,38.0
2017-05-10T06:38:32,120.67,24.119,28.0
2017-05-10T06:39:01,120.273,23.797,40.0
2017-05-10T06:37:13,121.514,25.024,26.0
2017-05-10T06:26:09,121.498,25.023,24.0
2017-05-10T06:19:15,120.688,24.109,31.0
2017-05-10T06:37:10,121.55,25.002,19.0
2017-05-10T06:22:23,121.613,25.036,14.0
2017-05-10T06:36:44,120.637,24.165,10.0
2017-05-10T06:15:30,118.452,24.461,57.0
2017-05-10T06:18:56,121.297,25.047,42.0
2017-05-10T06:29:14,105.847,21.004,39.0
2017-05-10T06:24:35,120.649,24.143,29.0
2017-05-10T06:35:21,121.832,24.526,10.0
2017-05-10T06:21:44,121.795,24.648,15.0
2017-05-10T06:35:16,120.478,22.674,34.0
2017-05-10T06:35:11,121.404,24.809,27.0
2017-05-10T05:54:58,120.603,24.394,33.0
2017-05-10T06:37:51,120.326,22.621,28.0
2017-05-10T06:36:45,121.844,24.575,20.0
2017-05-10T06:31:48,121.522,25.08,29.0
2017-05-10T06:38:22,121.536,25.11,25.0
2017-05-10T06:36:02,121.552,25.056,24.0
2017-05-10T06:35:52,120.536,23.694,38.0
2017-05-10T06:19:05,128.616,36.82,36.0
2017-05-10T06:27:09,121.507,25.126,33.0
2017-05-10T06:25:49,120.675,24.157,27.0
2017-05-10T06:37:49,121.531,25.105,27.0
2017-05-10T06:17:16,120.734,24.12,25.0
2017-05-10T06:32:32,121.451,25.062,24.0
2017-05-10T06:36:00,103.817,1.28,29.0
2017-05-10T06:37:50,120.532,24.085,36.0
2017-05-10T06:24:11,120.577,24.299,35.0
2017-05-10T06:24:33,120.997,24.786,27.0
2017-05-10T05:59:33,120.491,24.023,37.0
2017-05-10T06:33:30,120.722,24.255,36.0
2017-05-10T05:55:18,120.614,24.06,30.0
2017-05-10T06:19:13,120.544,23.704,17.0
2017-05-10T06:18:41,121.636,25.066,17.0
2017-05-10T06:37:58,120.985,24.776,33.0
2017-05-10T06:31:27,120.485,23.468,43.0
2017-05-10T06:28:19,120.643,24.151,28.0
2017-05-10T06:37:19,121.554,25.058,18.0
2017-05-10T06:15:09,121.482,25.105,23.0
2017-05-10T06:28:33,21.001,52.182,40.0
2017-05-10T06:36:43,120.669,24.176,59.0
2017-05-10T06:33:57,120.704,24.308,37.0
2017-05-10T06:38:14,120.341,22.636,30.0
2017-05-10T06:22:45,120.657,24.208,27.0
2017-05-10T06:34:07,121.128,22.903,12.0
2017-05-10T06:38:57,121.139,22.931,13.0
2017-05-10T06:33:21,120.667,24.119,24.0
2017-05-10T06:37:57,120.732,24.135,39.0
2017-05-10T06:39:02,120.708,24.114,48.0
2017-05-10T06:34:04,121.125,24.682,41.0
2017-05-10T06:38:19,120.532,23.716,39.0
2017-05-10T06:34:53,120.612,24.191,30.0
2017-05-10T06:35:47,121.842,24.592,16.0
2017-05-10T06:31:28,127.757,35.318,6.0
2017-05-10T06:29:12,120.723,24.288,29.0
2017-05-10T06:38:11,127.877,34.897,13.0
2017-05-10T06:36:17,127.029,37.493,26.0
2017-05-10T06:31:24,121.551,25.059,28.0
2017-05-10T06:32:18,128.081,35.199,7.0
2017-05-10T06:31:22,121.798,24.661,22.0
2017-05-10T06:27:31,120.87,24.612,33.0
2017-05-10T06:28:02,121.015,24.784,32.0
2017-05-10T06:38:22,120.697,24.057,33.0
2017-05-10T06:32:27,120.638,23.976,38.0
2017-05-10T06:29:45,121.516,25.064,19.0
2017-05-10T06:37:52,128.698,35.205,32.0
2017-05-10T06:36:05,127.783,34.948,8.0
2017-05-10T06:34:37,121.532,25.036,18.0
2017-05-10T06:37:55,121.522,25.112,28.0
2017-05-10T05:53:00,121.016,24.862,29.0
2017-05-10T06:33:15,128.557,35.144,26.0
2017-05-10T06:36:03,127.783,34.948,11.0
2017-05-10T06:35:05,128.121,34.929,16.0
2017-05-10T06:37:54,128.457,35.273,5.0
2017-05-10T06:35:51,121.505,25.138,27.0
2017-05-10T06:37:37,121.451,25.062,17.0
2017-05-10T06:37:57,121.59,25.067,18.0
2017-05-10T06:36:23,121.533,25.058,14.0
2017-05-10T06:35:41,121.543,25.023,18.0
2017-05-10T06:38:12,121.519,25.108,22.0
2017-05-10T06:37:03,120.648,24.141,31.0
2017-05-10T06:37:05,121.551,25.035,19.0
2017-05-10T06:36:53,121.766,24.655,14.0
2017-05-10T06:34:30,121.57,24.999,16.0
2017-05-10T06:28:26,120.665,24.136,29.0
2017-05-10T06:08:53,121.766,24.663,14.0
2017-05-10T06:15:46,120.631,24.115,27.0
2017-05-10T06:34:35,120.337,22.679,27.0
2017-05-10T06:35:17,120.675,24.158,11.0
2017-05-10T06:28:41,121.451,25.062,23.0
2017-05-10T06:28:48,121.551,25.002,20.0
2017-05-10T06:34:08,121.319,24.994,23.0
2017-05-10T06:08:32,120.72,24.302,39.0
2017-05-10T05:42:18,120.538,22.905,42.0
2017-05-10T06:21:13,120.544,23.71,13.0
2017-05-10T06:35:37,120.256,23.026,25.0
2017-05-10T06:26:32,120.477,23.447,47.0
2017-05-10T06:24:25,120.688,24.091,31.0
2017-05-10T06:26:19,120.465,23.451,57.0
2017-05-10T06:36:20,126.78,37.647,26.0
2017-05-10T06:31:25,127.824,34.985,11.0
2017-05-10T06:36:28,121.536,25.073,18.0
2017-05-10T06:36:17,77.259,28.533,63.0
2017-05-10T06:29:39,121.51,25.013,15.0
2017-05-10T06:22:01,120.651,24.149,29.0
2017-05-10T06:09:51,120.451,23.992,43.0
2017-05-10T06:35:49,121.792,24.63,15.0
2017-05-10T06:36:08,120.636,24.166,10.0
2017-05-10T06:31:15,121.37,24.942,25.0
2017-05-10T06:37:35,121.451,25.1,24.0
2017-05-10T06:32:40,121.853,24.615,19.0
2017-05-10T06:27:54,129.331,35.625,12.0
2017-05-10T06:37:17,121.486,25.07,24.0
2017-05-10T06:38:21,103.869,1.322,21.0
2017-05-10T06:25:39,120.325,22.638,11.0
2017-05-10T06:35:26,121.517,25.001,19.0
2017-05-10T06:27:15,121.835,24.595,16.0
2017-05-10T06:27:52,120.266,23.089,38.0
2017-05-10T06:38:12,121.193,24.97,30.0
2017-05-10T06:34:11,120.663,24.117,36.0
2017-05-10T06:36:25,121.442,25.19,28.0
2017-05-10T06:04:01,-82.404,29.699,21.0
2017-05-10T06:35:46,120.331,22.724,26.0
2017-05-10T06:33:19,120.54,23.702,46.0
2017-05-10T06:32:38,128.752,35.502,17.0
2017-05-10T06:08:20,127.824,34.985,5.0
2017-05-10T06:37:14,127.955,35.297,8.0
2017-05-10T06:34:35,120.231,22.963,28.0
2017-05-10T06:05:29,120.3,22.662,34.0
2017-05-10T06:16:35,120.667,24.13,29.0
2017-05-10T06:03:28,120.978,23.976,41.0
2017-05-10T06:31:45,120.481,23.958,25.0
2017-05-10T06:35:43,120.613,24.181,36.0
2017-05-10T06:34:21,120.674,24.151,33.0
2017-05-10T06:38:13,121.579,25.043,23.0
2017-05-10T06:24:46,121.458,25.012,20.0
2017-05-10T06:23:59,120.685,24.196,37.0
2017-05-10T06:07:04,121.771,24.677,16.0
2017-05-10T06:34:32,121.446,25.045,27.0
2017-05-10T06:33:22,120.581,24.088,27.0
2017-05-10T06:36:39,128.689,35.227,16.0
2017-05-10T06:13:17,120.705,24.215,33.0
2017-05-10T06:34:03,120.637,24.156,33.0
2017-05-10T06:03:46,121.516,25.008,16.0
2017-05-10T06:32:19,128.274,36.23,4.0
2017-05-10T05:54:47,121.581,25.062,7.0
2017-05-10T06:32:25,120.656,24.162,19.0
2017-05-10T06:26:21,121.524,25.149,35.0
2017-05-10T06:38:25,120.614,24.19,27.0
2017-05-10T06:33:38,120.512,24.126,32.0
2017-05-10T06:29:33,120.67,24.148,31.0
2017-05-10T06:36:33,120.24,22.984,32.0
2017-05-10T06:34:53,120.222,22.983,5.0
2017-05-10T06:39:02,121.543,25.024,17.0
2017-05-10T06:27:46,121.294,24.873,32.0
2017-05-10T06:01:39,120.325,22.665,29.0
2017-05-10T06:28:24,128.057,35.169,13.0
2017-05-10T06:34:34,121.071,14.647,29.0
2017-05-10T06:35:45,120.724,24.134,7.0
2017-05-10T06:32:57,120.648,24.154,30.0
2017-05-10T06:39:02,120.657,24.115,33.0
2017-05-10T06:34:28,121.516,25.035,17.0
2017-05-10T06:34:45,128.688,35.234,19.0
2017-05-10T06:38:09,120.631,24.214,32.0
2017-05-10T06:36:10,120.578,24.174,26.0
2017-05-10T06:35:29,121.528,25.112,19.0
2017-05-10T06:38:11,120.638,24.161,28.0
2017-05-10T06:34:07,121.471,22.673,15.0
2017-05-10T06:27:48,120.453,23.468,56.0
2017-05-10T06:37:43,120.503,24.113,33.0
2017-05-10T06:33:18,121.514,25.105,22.0
2017-05-10T06:35:04,121.538,24.967,18.0
2017-05-10T06:37:01,120.643,24.133,30.0
2017-05-10T06:25:01,121.516,25.056,22.0
2017-05-10T06:34:02,120.221,22.997,30.0
2017-05-10T06:36:51,128.303,35.291,9.0
2017-05-10T06:34:28,128.41,34.948,7.0
2017-05-10T06:23:24,139.903,35.706,5.0
2017-05-10T06:33:35,128.092,35.083,7.0
2017-05-10T06:04:17,120.621,24.107,34.0
2017-05-10T06:38:42,128.715,35.155,34.0
2017-05-10T06:35:05,121.585,25.038,19.0
2017-05-10T06:36:46,120.551,24.069,31.0
2017-05-10T06:12:08,120.797,24.24,31.0
2017-05-10T06:23:40,120.27,23.322,42.0
2017-05-10T06:33:34,121.576,25.297,12.0
2017-05-10T06:27:57,120.26,23.329,41.0
2017-05-10T06:37:15,121.541,25.015,17.0
2017-05-10T06:35:34,120.755,23.741,26.0
2017-05-10T06:36:39,120.708,24.308,40.0
2017-05-10T06:32:35,121.54,25.03,19.0
2017-05-10T06:25:17,121.499,25.037,93.0
2017-05-10T06:37:17,121.451,25.062,26.0
2017-05-10T06:26:46,120.62,24.338,34.0
2017-05-10T06:38:25,128.244,35.322,8.0
2017-05-10T06:34:56,120.681,23.76,26.0
2017-05-10T06:38:29,127.153,37.455,44.0
2017-05-10T06:26:31,120.658,24.137,24.0
2017-05-10T06:35:08,120.695,24.164,29.0
2017-05-10T06:35:35,103.896,1.301,22.0
2017-05-10T06:27:47,-71.103,42.344,3.0
2017-05-10T06:36:26,120.614,24.127,26.0
2017-05-10T06:32:16,121.552,25.013,10.0
2017-05-10T05:55:40,127.1,37.46,39.0
2017-05-10T06:24:59,120.454,23.487,94.0
2017-05-10T06:12:57,121.516,25.061,20.0
2017-05-10T06:36:59,120.547,24.194,33.0
2017-05-10T06:31:45,120.55,24.089,3.0
2017-05-10T06:21:55,121.54,24.989,17.0
2017-05-10T06:37:18,121.576,25.128,36.0
2017-05-10T06:20:54,120.636,24.166,9.0
2017-05-10T06:09:49,120.702,24.188,38.0
2017-05-10T06:38:33,121.492,25.033,19.0
2017-05-10T06:25:27,121.095,24.919,29.0
2017-05-10T06:22:42,120.545,24.064,24.0
2017-05-10T06:35:46,136.619,36.576,5.0
2017-05-10T06:36:26,120.315,22.666,25.0
2017-05-10T06:38:57,121.168,24.886,35.0
2017-05-10T06:34:06,120.715,24.308,37.0
2017-05-10T06:23:11,120.656,24.136,28.0
2017-05-10T06:22:54,121.462,25.133,25.0
2017-05-10T06:37:42,120.635,24.175,28.0
2017-05-10T06:36:15,120.681,24.163,29.0
2017-05-10T06:33:53,121.507,25.046,22.0
2017-05-10T06:34:29,120.222,22.996,18.0
2017-05-10T06:38:40,121.712,25.093,17.0
2017-05-10T06:36:03,120.763,24.174,35.0
2017-05-10T06:34:32,120.817,24.543,37.0
2017-05-10T06:31:31,120.285,22.725,30.0
2017-05-10T06:36:41,120.666,24.143,28.0
2017-05-10T06:35:26,120.287,22.632,31.0
2017-05-10T06:37:57,120.592,22.69,39.0
2017-05-10T06:34:22,121.027,24.768,37.0
2017-05-10T06:33:19,120.696,24.082,33.0
2017-05-10T06:34:03,120.633,24.151,41.0
2017-05-10T06:34:46,121.451,25.062,19.0
2017-05-10T06:31:11,120.655,24.143,28.0
2017-05-10T06:33:40,120.61,24.186,23.0
2017-05-10T06:27:33,121.591,25.078,16.0
2017-05-10T06:32:25,120.546,24.093,0.0
2017-05-10T06:36:39,120.254,23.183,35.0
2017-05-10T06:37:24,121.794,24.627,18.0
2017-05-10T06:29:04,120.655,24.152,32.0
2017-05-10T06:32:34,120.573,24.165,32.0
2017-05-10T06:38:47,120.286,22.663,34.0
2017-05-10T06:18:57,121.537,25.005,13.0
2017-05-10T06:34:49,128.678,35.22,23.0
2017-05-10T06:35:15,121.097,24.973,25.0
2017-05-10T06:38:04,121.451,25.062,2.0
2017-05-10T06:25:39,121.548,25.021,19.0
2017-05-10T06:33:12,121.571,25.035,25.0
2017-05-10T06:34:56,128.163,35.565,8.0
2017-05-10T06:35:01,120.561,24.204,27.0
2017-05-10T05:54:31,120.551,24.071,36.0
2017-05-10T06:18:04,120.598,23.719,105.0
2017-05-10T06:38:38,121.18,24.843,36.0
2017-05-10T06:37:27,128.663,35.244,10.0
2017-05-10T06:25:00,120.644,24.131,29.0
2017-05-10T06:34:40,120.996,24.795,30.0
2017-05-10T06:34:33,6.453,51.15,27.0
2017-05-10T06:07:25,121.493,25.031,25.0
2017-05-10T06:38:44,121.51,25.061,23.0
2017-05-10T06:33:43,121.572,25.083,21.0
2017-05-10T06:33:50,120.696,24.15,37.0
2017-05-10T06:39:02,127.067,37.195,30.0
2017-05-10T06:31:56,120.602,24.184,31.0
2017-05-10T06:33:25,120.356,22.666,30.0
2017-05-10T06:09:57,54.317,24.475,26.0
2017-05-10T06:36:57,120.635,24.136,28.0
2017-05-10T06:35:41,121.524,25.072,18.0
2017-05-10T06:28:01,128.596,35.247,11.0
2017-05-10T06:34:03,121.621,25.039,19.0
2017-05-10T06:36:36,128.083,34.93,9.0
2017-05-10T06:27:33,127.002,37.59,42.0
2017-05-10T06:37:22,128.866,35.189,24.0
2017-05-10T06:31:25,120.49,22.663,34.0
2017-05-10T06:38:47,120.673,24.25,33.0
2017-05-10T06:36:42,128.557,35.146,14.0
2017-05-10T06:27:09,127.795,34.971,10.0
2017-05-10T06:38:26,120.3,22.669,32.0
2017-05-10T06:35:36,128.457,35.273,17.0
2017-05-10T06:36:26,120.552,24.05,23.0
2017-05-10T05:44:57,-65.399,-24.788,1.0
2017-05-10T06:31:22,121.503,25.089,29.0
2017-05-10T06:16:23,121.392,24.961,25.0
2017-05-10T06:24:05,121.53,25.098,29.0
2017-05-10T06:34:19,120.321,22.648,2.0
2017-05-10T06:23:05,121.576,25.06,11.0
2017-05-10T06:37:36,120.406,22.539,34.0
2017-05-10T06:35:04,120.431,23.471,49.0
2017-05-10T06:29:13,121.773,25.136,12.0
2017-05-10T06:31:49,120.968,24.767,27.0
2017-05-10T06:34:47,121.602,25.263,12.0
2017-05-10T06:38:12,121.786,24.637,14.0
2017-05-10T06:35:40,121.796,24.624,19.0
2017-05-10T06:32:47,121.52,25.04,19.0
2017-05-10T06:24:15,120.226,22.996,34.0
2017-05-10T06:33:10,120.539,24.06,31.0
2017-05-10T06:23:45,121.799,24.638,18.0
2017-05-10T06:35:41,121.496,25.134,33.0
2017-05-10T06:31:55,120.725,24.145,33.0
2017-05-10T06:37:09,120.217,23.046,35.0
2017-05-10T06:38:39,121.542,25.015,17.0
2017-05-10T06:37:39,120.614,24.179,45.0
2017-05-10T06:16:24,120.669,23.933,41.0
2017-05-10T06:38:30,121.835,24.596,23.0
2017-05-10T06:28:11,120.79,23.827,34.0
2017-05-10T06:21:50,121.005,24.828,28.0
2017-05-10T06:33:55,120.198,22.992,33.0
2017-05-10T06:15:39,121.056,24.755,34.0
2017-05-10T06:07:17,121.523,25.058,16.0
2017-05-10T06:37:13,121.214,22.879,14.0
2017-05-10T06:35:22,120.255,23.037,35.0
2017-05-10T06:37:42,120.637,24.165,15.0
2017-05-10T06:32:06,120.287,22.632,0.0
2017-05-10T06:24:26,121.192,24.97,26.0
2017-05-10T06:28:30,120.652,24.131,29.0
2017-05-10T06:34:39,121.028,22.702,13.0
2017-05-10T06:33:52,120.422,24.028,34.0
2017-05-10T06:17:24,120.56,24.195,25.0
2017-05-10T06:38:52,120.566,24.266,32.0
2017-05-10T06:32:14,120.652,24.173,31.0
2017-05-10T06:29:47,121.54,25.017,17.0
2017-05-10T06:35:58,121.562,25.058,27.0
2017-05-10T06:34:26,121.833,24.62,18.0
2017-05-10T06:26:06,121.521,25.283,15.0
2017-05-10T06:35:04,121.498,25.026,24.0
2017-05-10T06:35:52,121.255,24.983,30.0
2017-05-10T06:33:12,120.465,23.792,30.0
2017-05-10T06:38:45,120.546,23.717,44.0
2017-05-10T06:36:34,120.636,24.165,7.0
2017-05-10T06:34:18,120.745,24.354,30.0
2017-05-10T06:33:39,121.527,25.048,19.0
2017-05-10T06:28:18,120.301,22.688,9.0
2017-05-10T06:21:37,127.057,36.776,40.0
2017-05-10T06:33:31,128.755,35.247,31.0
2017-05-10T06:23:21,121.321,25.008,24.0
2017-05-10T06:35:25,121.499,25.037,37.0
2017-05-10T06:35:50,121.538,25.017,24.0
2017-05-10T06:34:09,126.967,37.217,19.0
2017-05-10T06:25:11,120.701,24.067,36.0
2017-05-10T06:22:55,120.324,22.652,34.0
2017-05-10T06:18:27,128.53,34.918,12.0
2017-05-10T06:31:14,120.455,23.495,43.0
2017-05-10T06:38:28,120.468,23.553,44.0
2017-05-10T06:21:24,120.613,24.184,30.0
2017-05-10T06:29:28,121.414,24.979,17.0
2017-05-10T06:27:13,120.568,24.156,28.0
2017-05-10T06:24:23,120.533,24.063,29.0
2017-05-10T06:35:25,120.547,24.084,37.0
2017-05-10T06:21:58,121.57,25.047,23.0
2017-05-10T06:38:54,128.817,35.097,32.0
2017-05-10T06:35:19,120.443,23.483,47.0
2017-05-10T06:18:18,128.267,35.32,7.0
2017-05-10T06:32:07,128.918,35.231,32.0
2017-05-10T06:33:22,121.571,25.08,27.0
2017-05-10T06:39:01,107.608,-6.886,29.0
2017-05-10T06:35:34,121.582,25.062,0.0
2017-05-10T06:15:49,128.114,35.205,13.0
2017-05-10T06:38:36,121.553,25.054,23.0
2017-05-10T06:36:24,120.714,24.225,229.0
2017-05-10T06:33:11,120.723,24.162,37.0
2017-05-10T06:23:00,126.91,37.55,35.0
2017-05-10T06:24:12,120.362,23.879,37.0
2017-05-10T06:34:04,128.805,35.201,23.0
2017-05-10T06:20:52,120.651,24.216,31.0
2017-05-10T06:23:23,121.187,24.967,27.0
2017-05-10T06:36:47,120.558,24.085,37.0
2017-05-10T06:34:26,120.622,24.113,27.0
2017-05-10T06:28:12,121.541,25.063,20.0
2017-05-10T06:36:09,120.568,23.963,32.0
2017-05-10T06:34:25,120.695,24.018,36.0
2017-05-10T06:28:39,121.562,25.056,25.0
2017-05-10T06:21:15,128.598,35.254,15.0
2017-05-10T06:37:38,128.643,35.25,14.0
2017-05-10T06:37:31,121.563,25.031,14.0
2017-05-10T06:28:06,120.316,23.319,23.0
2017-05-10T06:33:06,121.55,25.081,19.0
2017-05-10T06:12:56,121.293,25.017,27.0
2017-05-10T06:37:06,121.5,25.036,116.0
2017-05-10T06:38:50,121.458,25.012,20.0
2017-05-10T06:33:13,120.547,22.653,30.0
2017-05-10T06:36:52,121.59,25.061,22.0
2017-05-10T06:36:31,121.611,25.067,24.0
2017-05-10T06:23:43,121.525,25.034,29.0
2017-05-10T06:19:24,121.549,25.078,19.0
2017-05-10T06:26:24,120.196,23.015,6.0
2017-05-10T06:37:33,120.717,24.197,37.0
2017-05-10T06:31:27,121.389,25.041,27.0
2017-05-10T06:34:16,128.69,34.892,31.0
2017-05-10T06:10:05,129.332,35.626,19.0
2017-05-10T06:18:56,120.667,24.112,27.0
2017-05-10T06:38:17,121.557,24.989,20.0
2017-05-10T06:37:35,120.669,24.158,28.0
2017-05-10T06:35:23,120.32,22.622,30.0
2017-05-10T06:36:58,120.587,23.852,36.0
2017-05-10T06:27:24,121.57,25.141,35.0
2017-05-10T06:24:53,121.618,25.003,15.0
2017-05-10T06:28:27,120.639,24.141,9.0
2017-05-10T06:28:46,129.042,35.345,23.0
2017-05-10T06:35:32,120.617,24.175,42.0
2017-05-10T06:18:43,130.423,33.588,5.0
2017-05-10T06:21:36,121.556,25.028,24.0
2017-05-10T06:37:01,120.463,23.482,44.0
2017-05-10T06:15:26,121.614,25.04,14.0
2017-05-10T06:26:24,120.202,22.984,30.0
2017-05-10T06:23:30,120.3,22.804,33.0
2017-05-10T06:28:53,120.675,24.136,10.0
2017-05-10T06:38:12,121.688,24.679,13.0
2017-05-10T06:36:55,121.537,25.015,19.0
2017-05-10T06:36:03,121.291,25.019,25.0
2017-05-10T06:17:31,120.739,24.252,34.0
2017-05-10T06:34:43,120.699,24.105,29.0
2017-05-10T06:34:25,120.61,24.187,46.0
2017-05-10T06:35:36,120.667,24.169,29.0
2017-05-10T06:27:23,120.462,23.547,50.0
2017-05-10T06:37:46,120.299,23.571,30.0
2017-05-10T06:37:16,121.374,25.078,25.0
2017-05-10T06:36:38,126.894,37.483,37.0
2017-05-10T06:16:54,120.79,21.949,11.0
2017-05-10T06:34:28,121.524,25.025,0.0
2017-05-10T06:17:24,121.438,23.63,15.0
2017-05-10T06:28:16,120.303,23.578,40.0
2017-05-10T06:26:22,120.645,24.135,26.0
2017-05-10T06:37:35,121.551,25.082,26.0
2017-05-10T06:25:43,120.522,24.119,29.0
2017-05-10T06:34:53,120.529,23.692,43.0
2017-05-10T06:32:13,121.777,24.648,18.0
2017-05-10T06:17:41,120.713,24.305,37.0
2017-05-10T06:36:17,106.828,-6.138,9.0
2017-05-10T06:36:04,120.966,23.962,28.0
2017-05-10T06:29:05,121.502,25.131,27.0
2017-05-10T06:12:55,120.638,24.179,32.0
2017-05-10T06:26:10,121.409,24.932,21.0
2017-05-10T06:27:42,121.743,24.627,17.0
2017-05-10T06:28:13,120.662,24.198,30.0
2017-05-10T06:33:12,120.601,24.179,27.0
2017-05-10T06:29:44,120.715,24.14,31.0
2017-05-10T05:56:38,120.637,24.148,26.0
2017-05-10T06:34:59,129.06,35.416,20.0
2017-05-10T06:37:44,128.402,35.278,7.0
2017-05-10T06:27:05,127.847,35.736,16.0
2017-05-10T06:32:50,120.673,24.03,30.0
2017-05-10T06:27:51,121.586,25.078,33.0
2017-05-10T06:18:34,120.353,22.636,28.0
2017-05-10T06:37:41,121.496,25.073,22.0
2017-05-10T06:37:21,120.638,24.147,35.0
2017-05-10T06:31:38,120.453,23.53,46.0
2017-05-10T06:37:28,121.57,25.141,34.0
2017-05-10T06:36:59,120.693,23.862,44.0
2017-05-10T06:33:11,121.364,25.071,27.0
2017-05-10T06:28:28,127.067,37.195,38.0
2017-05-10T06:15:21,-71.103,42.344,2.0
2017-05-10T06:12:48,120.995,24.78,10.0
2017-05-10T06:31:54,120.499,24.122,34.0
2017-05-10T06:19:29,121.006,24.75,30.0
2017-05-10T06:31:17,128.752,35.502,16.0
2017-05-10T06:38:21,127.955,35.297,10.0
2017-05-10T06:34:05,128.698,35.205,17.0
2017-05-10T06:38:32,121.567,25.059,20.0
2017-05-10T06:36:54,120.65,24.154,31.0
2017-05-10T06:35:13,121.582,25.062,10.0
2017-05-10T06:25:06,120.657,24.141,33.0
2017-05-10T06:15:27,128.686,35.157,33.0
2017-05-10T06:25:23,120.631,23.832,44.0
2017-05-10T06:36:01,121.81,24.629,18.0
2017-05-10T06:27:17,120.299,23.558,38.0
2017-05-10T06:28:02,120.425,22.58,31.0
2017-05-10T06:32:39,121.143,25.045,24.0
2017-05-10T06:29:54,127.91,35.687,19.0
2017-05-10T06:11:45,121.009,24.948,26.0
2017-05-10T06:39:00,127.752,37.888,13.0
2017-05-10T06:36:49,120.743,24.263,30.0
2017-05-10T06:24:36,121.508,25.046,19.0
2017-05-10T06:34:57,120.372,23.189,37.0
2017-05-10T06:31:13,120.429,24.047,27.0
2017-05-10T06:21:21,121.512,25.115,24.0
2017-05-10T06:33:07,120.711,24.146,34.0
2017-05-10T06:18:40,128.101,35.173,12.0
2017-05-10T06:36:52,127.973,35.059,10.0
2017-05-10T06:31:49,128.19,34.945,9.0
2017-05-10T06:37:35,120.656,24.018,31.0
2017-05-10T06:36:28,129.067,35.415,18.0
2017-05-10T06:35:48,129.028,35.375,18.0
2017-05-10T06:35:51,129.075,35.449,15.0
2017-05-10T06:33:41,120.33,22.63,37.0
2017-05-10T06:18:54,120.942,24.309,26.0
2017-05-10T06:37:40,126.716,35.975,14.0
2017-05-10T06:24:39,120.468,23.961,27.0
2017-05-10T06:33:52,120.61,24.184,45.0
2017-05-10T06:09:38,121.148,24.922,28.0
2017-05-10T06:37:36,120.251,23.051,34.0
2017-05-10T06:26:04,121.556,24.988,18.0
2017-05-10T06:36:45,101.695,3.047,17.0
2017-05-10T06:34:35,120.497,22.676,34.0
2017-05-10T06:06:02,120.73,24.265,41.0
2017-05-10T06:31:36,121.548,25.049,26.0
2017-05-10T06:34:37,121.244,25.103,20.0
2017-05-10T06:33:45,120.644,24.151,32.0
2017-05-10T06:35:25,120.715,24.164,31.0
2017-05-10T06:17:32,120.314,22.678,31.0
2017-05-10T06:18:15,121.499,25.023,16.0
2017-05-10T06:15:36,120.657,24.153,27.0
2017-05-10T06:29:12,129.026,35.304,22.0
2017-05-10T06:38:43,120.204,23.011,34.0
2017-05-10T06:26:42,120.714,24.157,31.0
2017-05-10T06:19:11,120.645,24.158,28.0
2017-05-10T06:24:55,120.789,23.763,105.0
2017-05-10T06:31:47,120.664,24.157,30.0
2017-05-10T06:35:22,121.233,24.953,28.0
2017-05-10T06:36:28,121.03,24.826,36.0
2017-05-10T06:34:13,120.563,22.607,31.0
2017-05-10T05:58:12,120.202,23.02,24.0
2017-05-10T06:34:33,121.807,24.803,10.0
2017-05-10T06:37:12,120.329,23.29,36.0
2017-05-10T06:33:49,121.732,24.724,16.0
2017-05-10T06:16:47,121.576,25.003,15.0
2017-05-10T06:33:13,121.783,24.8,12.0
2017-05-10T06:29:34,120.674,24.183,33.0
2017-05-10T06:35:42,121.848,24.905,10.0
2017-05-10T06:27:24,120.653,24.118,25.0
2017-05-10T06:36:22,121.845,24.595,19.0
2017-05-10T06:34:15,121.529,25.029,20.0
2017-05-10T06:08:35,120.202,22.984,29.0
2017-05-10T06:37:27,121.621,25.039,22.0
2017-05-10T06:38:24,120.639,24.142,29.0
2017-05-10T06:21:41,120.551,24.069,32.0
2017-05-10T06:38:52,121.793,24.698,21.0
2017-05-10T06:29:25,121.557,25.029,19.0
2017-05-10T06:25:15,121.62,25.037,15.0
2017-05-10T06:22:57,121.443,25.084,14.0
2017-05-10T06:26:49,120.597,24.139,26.0
2017-05-10T06:35:02,121.318,24.981,27.0
2017-05-10T06:38:16,120.613,24.143,28.0
2017-05-10T06:31:53,127.748,35.066,11.0
2017-05-10T06:37:02,120.707,24.303,38.0
2017-05-10T06:31:32,121.193,24.97,7.0
2017-05-10T06:32:35,121.619,25.04,19.0
2017-05-10T06:23:14,120.729,24.313,34.0
2017-05-10T06:26:28,120.735,24.122,38.0
2017-05-10T06:38:37,120.327,22.659,28.0
2017-05-10T06:23:39,129.028,35.375,25.0
2017-05-10T06:35:19,126.716,35.975,13.0
2017-05-10T06:38:03,128.579,35.219,12.0
2017-05-10T06:36:30,127.795,34.971,11.0
2017-05-10T06:23:26,128.161,35.171,15.0
2017-05-10T06:34:11,120.624,24.355,32.0
2017-05-10T06:33:36,121.521,23.6,20.0
2017-05-10T06:34:26,120.655,24.137,42.0
2017-05-10T06:38:31,120.648,24.161,30.0
2017-05-10T06:32:40,120.637,24.165,22.0
2017-05-10T06:34:44,120.719,24.314,37.0
2017-05-10T06:25:03,128.568,35.221,14.0
2017-05-10T06:35:47,121.366,25.069,21.0
2017-05-10T06:34:10,121.39,25.134,27.0
2017-05-10T06:24:03,120.564,23.994,45.0
2017-05-10T06:37:31,121.57,25.296,14.0
2017-05-10T05:42:42,55.282,25.223,20.0
2017-05-10T06:37:17,128.114,35.206,5.0
2017-05-10T06:36:32,121.538,25.019,20.0
2017-05-10T06:22:40,121.222,25.085,24.0
2017-05-10T06:23:11,128.579,35.219,24.0
2017-05-10T06:32:19,128.545,35.237,11.0
2017-05-10T06:31:43,128.693,34.897,21.0
2017-05-10T06:32:18,127.048,37.223,3.0
2017-05-10T06:38:23,127.048,37.223,38.0
2017-05-10T06:31:37,120.694,24.152,31.0
